1100
39384
29260
53215
31845
28715
31748
28721
41707
28985
29225
29262
133128
107952
129361
27890
40345
31485
1952
36526
28720
101783
36400
38300
53563
80570
20257
125057
29784
28942
93554
36405
163688
123620
76896
48732
28816
53048
31194
114273
40504
28817
33814
28945
45984
30438
33041
41646
54154
50546
27891
39477
45991
52806
52366
46106
45264
47785
29727
45989
40529
37147
52562
39381
30433
48687
32267
32932
36529
42095
28716
31126
43461
29729
105833
30013
52159
53045
14957
50282
36378
38208
52628
78516
43013
35825
32352
42185
39537
52632
46401
36604
53570
44594
34676
36854
45375
44870
29367
46200
31754
26847
153136
24535
49235
33369
29366
42940
45540
99096
33100
53296
43672
101521
36359
51227
54172
45807
44130
42567
43086
54019
54758
50153
49474
29265
29263
29224
131087
33153
50192
29363
35373
33327
42096
33265
46402
136324
16325
29047
39150
56678
33155
41971
42189
30436
37499
29304
46952
36240
91210
42942
37095
27902
27896
45645
45269
42814
46221
48210
78760
42624
34140
53641
44177
56456
39532
44269
165444
40161
49601
32348
37599
51229
33158
130746
80034
29352
30434
54748
33043
104782
44756
44171
33156
150540
48612
38040
45780
33154
54119
27004
37454
29704
54024
34142
30443
46589
52204
33157
30295
41321
51106
58946
31950
42848
41379
42941
51507
34675
33076
29705
76900
37785
48062
30186
39148
54585
90003
32351
39814
77768
64439
36077
36052
39325
29575
29268
37977
43010
51527
39809
35104
31191
50154
55016
30014
30439
44416
30185
48191
43967
51836
34677
29359
29219
41325
45777
31488
33159
29269
29703
50544
36851
48720
45738
53046
31193
28792
32349
29259
47903
76897
32353
27893
36527
31487
150446
51835
45266
46123
115914
75386
56047
37793
39581
34049
40501
36530
27888
39334
53762
51108
32931
53166
52929
31749
32490
39383
43087
46842
49279
41962
33449
157231
36852
59176
54590
29266
47197
78518
155974
13259
137981
53784
33160
163157
121715
23832
44415
29261
78759
33077
130360
33099
54007
53565
39144
59404
155683
19004
49746
50653
51732
34146
156768
40530
35232
42254
27894
154286
30883
88999
41727
117471
35100
131461
117156
52367
105318
88400
22019
115077
39476
154276
7423
49073
83946
36241
50548
39244
52827
23497
46717
30442
52954
44378
50545
40056
149730
26854
49139
20033
46566
46520
115540
50565
46301
27071
62709
30440
47574
44098
30435
115949
33329
33465
84942
17316
25755
38308
35105
44394
157217
54624
83429
54153
32491
32288
156959
52221
31753
47904
46521
29365
72789
135100
37491
41728
52364
114697
102050
5948
115715
29362
36935
26494
29267
67393
122428
142691
26493
29996
37433
61747
44159
38678
41767
157450
50569
9394
44595
49744
97508
49630
27898
3021
22991
45981
31846
49290
118374
44175
54751
3983
132106
35322
31755
28508
144895
28828
29356
99728
33042
106674
27895
46705
113601
37657
49291
49950
61132
153488
46122
39378
21403
33813
44096
166529
33412
36997
42966
19992
74826
40462
52633
129469
39386
19987
78517
41589
8005
34143
28285
152793
33464
47874
52561
136134
26495
32386
151529
84964
19847
136061
29710
36078
87449
141048
157439
68034
10274
77023
2819
158769
67081
88135
119517
125931
69093
44228
78822
138660
138014
56540
134390
56809
149219
9495
128953
99537
36159
33479
29108
7510
3934
69344
68536
105793
10268
72634
138187
95506
117035
134276
168734
150113
70428
68068
133072
469
10540
95523
50480
72220
158627
144617
102318
126264
165909
29652
102957
113657
49050
5901
34771
7319
80392
129632
69600
151458
19148
128619
102605
163315
9815
74075
149843
158888
42084
164793
142604
151180
90592
36943
137798
52313
131526
50965
72021
148663
26947
115866
76107
82940
89807
141972
49800
30467
51067
121202
45754
120474
24291
17096
142582
156215
47873
116356
51363
106808
161526
122601
128085
6303
99722
62497
59488
148445
133131
17392
115103
118052
108365
116307
20712
118077
156447
123948
114332
7410
167472
103466
108615
19294
111053
52648
156889
104426
9410
128808
149005
85227
51774
95662
84946
77948
53529
117480
121053
31822
68918
116081
104137
19116
85752
156100
166632
118379
36538
76157
129051
149745
99365
49699
153323
50151
6062
102308
70153
14769
18884
36862
81574
118700
165503
66346
34409
7082
97009
6822
127556
166350
79751
50030
82992
136671
49889
129796
26863
124631
108111
102670
149120
21276
164915
98383
13102
57661
153326
85450
12479
106437
139094
42760
62875
49519
152893
87246
81695
6483
37630
96928
51647
99135
115984
51862
123356
164796
68392
75773
108238
43977
99375
101368
118053
133751
114924
53395
134740
111576
72537
87501
107102
89453
119233
49575
52128
26038
88190
70915
63825
163469
55175
141578
165172
128933
17043
134515
16616
115986
68627
13715
139308
124800
168515
1941
70507
121624
128727
28931
45595
126579
108187
66973
112833
87420
146117
5867
8864
44544
108838
133308
136023
7874
122762
42018
48181
117431
113738
42074
143113
13111
51560
74984
158542
44081
54075
124160
86325
130046
22459
101635
168921
94794
49001
128251
47746
26558
34795
4640
119743
21332
86332
145528
60944
86510
66252
17536
120004
107194
36392
159733
34673
70283
45181
138045
128530
125905
85459
69889
118367
2872
122393
129185
90262
114518
134605
42943
85835
156028
13676
159830
109106
88216
80687
36575
152408
122841
122702
44632
22501
115254
12719
159253
9520
159959
124740
87647
132803
52550
9405
137038
40640
22233
162362
130500
47361
125365
70716
19889
23998
124048
97700
150555
157771
42985
23618
165117
162985
120127
37406
87621
58779
64527
168832
5466
147629
156264
68628
78870
93308
64511
42604
137543
155501
114185
15927
37474
9079
54919
2312
110029
130802
44268
12392
12967
12485
97988
160346
44479
164223
27634
77801
32164
47928
38125
148091
19586
90718
94380
38307
29783
54151
36402
46905
49396
54316
46406
118610
36853
29994
46403
38212
26491
54477
75528
32866
99436
166599
158160
137625
34051
28824
146742
26492
152696
55429
132439
48194
56082
28943
37119
123412
22178
122190
34951
146911
39237
72095
148704
66090
29712
120861
83667
142314
133025
47225
34148
33452
93431
49289
33078
136142
120857
86955
163322
45442
54338
16209
77723
72186
39149
50191
54120
103248
35823
38033
150408
29264
142975
15983
122343
153962
108321
4300
117821
31909
98548
64344
149319
11431
16859
18704
38622
43668
64734
55736
54815
108319
165078
165500
32176
68618
165664
47196
98104
22817
32087
16292
100005
149727
51829
33953
128311
66903
48693
135758
34052
29709
135757
32665
78514
54500
126905
54586
48061
104417
116850
54310
141820
54017
34425
36346
127324
54582
105544
33450
34522
150661
137241
54583
40568
90337
42716
29711
47942
51766
49398
49250
30000
76015
28503
54152
36996
45369
41591
120827
47595
29097
29369
102160
44649
20193
59976
160512
56191
152935
130986
109969
34308
93166
88283
59675
17526
8347
151884
161934
92084
62420
55584
89248
111360
163311
130000
53782
169082
89832
137395
118600
71307
16242
28822
34525
112763
90076
47853
76893
37368
67276
118869
135961
1583
143932
136094
128738
118602
127803
20589
158889
158837
106348
100060
32509
158675
118727
1902
22887
78684
83181
124818
1097
105793 107952
10268 50965
46401 43967
53048 42567
72634 107952
40504 28720
35232 158889
134276 17536
41646 28985
50546 49746
36854 45442
68068 107952
133072 122601
13259 49746
32351 37095
95523 107952
72220 107952
71307 36400
144617 17536
102318 102308
33813 29225
46566 30435
29652 51560
160346 129361
49050 120474
5901 107952
164223 129361
29366 38040
34525 36400
50565 30435
47942 28720
47853 141820
88400 47874
45540 38040
27071 27004
32267 48687
149843 116307
30185 53166
47225 39537
54172 34148
29709 53166
34148 144895
43461 31753
47574 29263
52313 107952
44228 133128
72021 129632
49073 120861
141972 138187
36241 42254
30467 107952
128738 36400
48061 45777
24291 128619
142582 107952
156215 102318
52628 48687
106808 102308
33153 39378
151884 101783
33465 29263
78516 35105
133131 107952
33327 37095
115103 139094
141820 34951
38308 45540
123948 118052
7410 107952
167472 50030
75528 40345
78684 38300
108321 1952
111053 57661
104426 129185
9410 52128
54017 52204
42254 53565
28945 29260
85227 107952
64439 28715
56678 31488
33155 53215
154286 41707
77948 107952
36346 53784
32491 39378
86955 35100
30436 54748
54151 29263
30295 46123
93166 101783
29304 49746
76015 120827
32288 45442
104137 107952
16242 36400
105544 53784
40345 166599
19004 47942
27896 30435
149745 68628
20257 37095
34051 54119
52561 48062
111360 101783
39814 41971
98104 62420
45369 28720
16209 28942
77723 31485
18884 51560
31753 51507
36862 76107
46521 88400
39476 29262
6822 107952
79751 124631
72789 48732
103248 121715
135961 36400
26863 50480
78517 29996
54748 33412
83181 38300
57661 42084
85450 107952
132439 40345
90337 88999
34146 44415
102050 28985
44479 129361
62875 107952
29264 45540
48612 29575
81695 107952
115715 54624
165500 1952
29362 34148
6483 84946
37630 107952
29784 48687
54590 37368
37119 33153
51647 81574
115984 76107
22178 44130
51862 138187
26494 43087
29575 45442
53782 36400
31845 27004
68392 115866
27894 44415
29267 27895
101368 107952
43010 39334
51527 144895
114924 102318
53395 21332
64344 147629
87501 107952
16859 1952
46200 32491
31754 34677
35100 32665
49575 115984
38307 29263
88190 107952
121715 28721
35104 40345
33953 30435
50154 31488
38678 44269
165172 107952
17043 107952
62420 98104
47874 39381
16616 107952
39381 48191
13715 115866
135758 53045
130000 101783
124800 118379
70507 129632
153962 1952
29219 54500
45807 46402
33159 13259
30000 27902
112833 51862
50153 50545
143932 28792
34675 53166
97508 49398
46403 40345
54500 135758
117431 102318
36378 54007
36851 31488
129361 15927
124818 22887
54075 107952
31485 32352
131087 34148
168921 107952
128251 107952
29363 19992
33077 28720
45981 54583
29710 50192
17536 51560
28792 31748
120004 102308
29260 28816
29259 34051
157439 133128
29047 19992
89832 50546
128530 81574
125905 6483
118367 108365
129185 81574
127324 48062
90262 121202
134605 107952
39144 36378
33157 47225
85835 107952
54751 49235
109106 81574
28822 54583
150446 28720
45269 54585
33464 54583
49746 30435
122841 50480
132106 28822
122702 107952
35322 29263
115254 167472
9520 120474
159959 107952
132803 99135
42095 44870
9405 107952
137038 102318
40640 46403
162362 76107
28828 43087
125365 128530
165444 53215
26492 31488
40568 33450
53166 54751
31749 46122
19889 115866
23998 89453
32348 31748
150555 107952
51229 32348
47595 28720
130746 34148
162985 68628
88283 101783
84964 163322
78870 107952
30186 45442
47197 36400
15983 50545
46717 19992
48732 50545
31194 49398
52954 28985
40056 34148
117035 128085
100005 32352
34951 45540
146911 45442
39237 30435
168734 50480
45375 15983
54024 27902
70428 107952
39809 30186
137395 90337
29225 43087
26854 45540
39378 46717
50480 70283
137981 28720
29712 31488
39384 107952
46520 53166
153136 53215
115540 56082
83667 26493
113657 138187
34771 107952
80392 118053
27634 129361
69600 107952
55736 1952
128619 130046
48693 34675
99096 54758
163315 107952
9815 107952
74075 107952
53296 37147
48191 39809
34677 30435
36853 48687
31126 48062
164793 95506
158769 133128
59976 101783
36943 81574
137798 136023
33452 28503
54758 118374
26947 107952
115866 102670
76107 36392
82940 107952
49800 136023
78759 53784
29994 48062
56540 148091
121202 107952
104417 114273
45754 107952
12967 129361
27890 29260
48720 31748
47873 47361
116356 107952
33329 48191
29705 39378
161526 118367
122601 51560
161934 101783
59488 115984
38300 39384
48062 39334
17316 45442
53046 39537
118052 51560
42096 45264
130360 84964
116307 50480
20712 107952
33265 32352
54119 135758
122343 1952
108615 125365
16325 29263
19294 107952
37474 129361
54624 49398
128808 107952
34425 48062
28715 77768
83429 49250
119517 16292
54153 19992
76897 19992
84946 138187
32353 45777
41971 27902
117480 115984
31822 34409
166599 40345
116081 102318
46952 28985
91210 30443
163322 48687
33450 19992
118379 57661
129051 107952
34522 35823
6062 107952
55584 101783
52562 45777
40501 45777
46221 29263
69344 133128
41379 29709
123620 39384
48210 48191
137241 45777
78760 58946
90718 129361
54583 45777
39149 40501
50191 43087
47904 39378
66346 70283
34409 57661
36530 32352
7082 107952
97009 107952
27888 28792
82992 107952
29365 37433
152696 40345
129796 107952
149319 49744
37599 28720
136094 36400
135100 49746
21276 107952
98383 68536
37491 44415
41728 46952
52364 45780
46842 31488
106437 84946
139094 50480
49519 120474
54815 68618
107952 87246
68618 1952
59176 34148
142975 31485
87449 50192
39325 37095
4300 98548
32087 141820
43977 6483
31748 37977
160512 101783
67393 26847
26493 34148
37433 29263
107102 102957
66090 29704
53784 56082
117471 50192
52806 29263
131461 41707
33160 49398
26038 81574
149219 101783
33369 54748
128311 34148
66903 29261
30439 39381
7510 133128
47928 129361
115986 17536
51836 54585
43672 88400
114185 129361
28716 33329
41325 37095
51227 34051
28931 108187
37368 36400
45595 51560
44130 34148
44595 45442
29269 50192
29262 151529
11431 1952
93431 53166
42966 44415
126905 45540
48181 136023
49630 33159
29265 118374
143113 27634
13111 107952
12485 129361
26491 48687
27898 39378
1952 64734
28720 30435
49001 51647
4640 107952
29108 133128
125057 39384
31846 43087
33078 54119
60944 107952
86510 49001
32349 34148
36392 118367
54919 129361
114273 48687
169082 35100
67081 133128
130802 129361
138045 76107
49290 28943
85459 107952
29704 45540
2872 107952
42189 38040
54582 27902
109969 101783
36052 43967
37499 47942
45991 54585
36240 29263
41321 31748
3983 50545
8347 101783
27902 135758
36575 47361
45645 45442
105318 120004
75386 26493
38125 129361
34049 29363
28508 105544
36529 30435
120827 102160
72186 128738
53641 142314
44269 47942
67276 36400
124048 120474
1583 36400
78822 133128
97700 51560
42985 107952
29352 34148
49279 20589
38033 29575
104782 53215
56082 44415
156264 133072
43013 34148
150540 29263
33479 101783
38040 45540
49396 43087
53563 41707
93308 49050
28943 32352
42604 102308
45780 53570
137543 107952
93554 39384
28816 30435
49950 51507
155501 107952
90003 58946
15927 129361
52632 52633
53215 53570
10274 101783
95506 151180
54316 53570
56191 101783
46122 54585
44870 30435
49139 78518
20033 34148
149727 116850
42716 141048
158627 82992
120861 31485
165909 138187
102957 21332
24535 46200
44096 54585
7319 107952
47785 40504
49235 136324
43668 1952
129632 120474
42940 28720
45989 29260
46301 53166
62709 40462
158888 139094
42084 129185
142604 17536
151180 76107
31909 1952
42941 52204
23832 44130
42567 50545
43086 29263
131526 85459
50965 138187
44098 49398
89807 107952
50544 34148
28985 30435
29261 34675
78514 34148
115949 28985
51067 107952
120474 50480
51363 129185
84942 33076
45738 27895
19992 28720
108365 118367
25755 45540
54310 56047
46402 48210
29783 56047
44394 53296
141048 133128
44649 101783
156889 103466
37454 31191
51774 107952
95662 107952
27891 29263
53565 32352
27893 48062
99436 40345
68918 107952
52366 54583
85752 10268
8005 44415
46106 36854
156100 84946
17526 101783
9495 133128
28503 128311
52221 48191
152793 50545
108319 1952
56047 50192
99365 29652
37793 53166
165664 1952
42814 78516
48687 37599
36402 30186
32932 36378
102160 101783
39386 22991
81574 107952
34140 46402
165503 155683
54120 29269
44177 37147
56456 44595
53762 17316
50653 48687
39383 39244
83946 41707
53045 49279
102670 139094
51732 28721
33158 50545
55429 40345
80034 54751
134390 133128
50548 56082
30434 39334
114697 28985
153326 107952
12479 107952
42760 107952
5948 28985
33043 39378
44756 37433
152893 108365
76900 52364
33156 30436
29097 34148
156768 28721
39244 34148
36935 45540
29266 43967
33154 30000
39537 75386
36604 50569
153488 45540
75773 118077
108238 136023
16292 54500
99375 86332
118053 17536
122428 30435
133751 107952
30883 35232
29996 35100
29367 50545
119233 165909
37977 43461
26847 34148
58946 34052
163469 29652
55175 115866
141578 107952
41767 56082
118610 31488
134515 167472
142314 38040
133025 155974
33100 36400
68627 118379
36405 43967
139308 128933
49398 54624
168515 50480
34052 58946
50569 45777
121624 120474
45777 53570
108187 84946
118869 36400
105833 29260
54019 47942
146117 51560
5867 107952
8864 22459
51507 54751
27004 27898
133308 126264
122762 108365
42074 124048
49289 31194
51560 133072
74984 107952
158542 36943
158889 45540
128953 101783
130046 107952
77801 129361
22459 50965
92084 101783
50192 54748
47746 81574
35825 29263
26558 167472
34795 125365
119743 107952
47196 53166
145528 85459
32509 36400
148091 129361
32352 34148
66252 107952
42185 29260
54477 141820
136324 44415
76896 54586
68034 101783
70283 162362
87246 117035
136142 118727
118374 49398
12392 129361
118600 36400
46589 52561
44175 43967
31487 37095
42943 124048
156028 115254
42942 54007
45264 48062
117156 28716
29727 54477
80687 126264
54152 28720
137625 40345
42848 30435
39581 34148
45442 141048
12719 108187
124740 107952
31755 54585
150661 48062
54338 54583
87647 6483
41591 33329
52550 107952
42624 44130
144895 49746
22233 50480
146742 40345
39532 38040
130500 107952
19987 30435
29729 39334
77768 120004
32931 29575
7423 86955
99728 28985
33042 32352
157771 107952
165117 107952
36077 29575
41589 33327
106674 29367
37406 84946
43087 27894
27895 30435
41962 54153
44171 43967
99537 133128
36159 133128
37657 29263
163311 101783
49291 45984
36078 54583
54585 53166
68536 6483
30442 53570
9079 115984
28817 44415
138187 84946
44378 44130
50545 49746
45984 48062
29268 31748
44594 43967
88135 133128
33041 48687
34676 45777
150113 129185
149730 29263
469 162362
148704 120861
10540 107952
51829 54585
126264 51560
18704 1952
97988 129361
163157 28721
34143 48687
31191 44415
46406 40345
31950 54477
151458 89453
55016 32352
19148 109106
76893 38678
40529 36240
102605 108187
136134 29262
43967 115715
163688 39384
51766 49398
49250 46403
30440 34148
115077 41707
31488 54585
26495 53570
90592 107952
28721 44415
148663 68627
36997 28824
32386 36400
38212 41321
56809 101783
17096 107952
29224 53570
36526 116850
128085 99135
6303 107952
99722 138187
62497 107952
148445 138187
35373 34148
74826 29225
17392 108187
3934 14957
30435 29363
118077 75773
156447 17536
35105 29219
118727 36400
114332 115984
23497 56082
103466 118367
157217 28985
2312 129361
52648 102318
40530 53762
149005 81574
32866 3021
54154 49744
98548 1952
41707 53563
53529 115866
34142 28720
30443 87449
121053 115984
138660 133128
59404 32509
34308 101783
19116 17536
156959 50545
158160 33077
166632 107952
129469 50154
45266 27004
46123 54583
36538 107952
76157 107952
115914 76893
101783 20193
32176 1952
49699 139094
153323 107952
22019 141820
50151 107952
37147 29260
102308 120004
36996 90337
28942 45442
30433 32491
28824 28720
70153 107952
14769 107952
118700 107952
127556 107952
166350 120474
50030 81574
53570 54585
154276 41707
40161 37147
152935 101783
136671 107952
49889 99135
30013 48062
46905 54624
130986 101783
35823 56047
124631 120474
108111 81574
50282 45738
149120 167472
164915 47196
13102 107952
38208 39537
33449 47942
157231 144895
29369 28720
96928 107952
99135 136023
22817 157217
78518 51106
123412 31485
123356 29652
164796 136023
61132 29225
155974 27902
122190 31485
33814 27004
77023 133128
142691 34148
134740 107952
72095 31485
111576 17536
72537 107952
88999 41707
94380 27890
41727 40161
89453 119233
21403 32932
61747 34148
52128 17536
29711 28720
70915 167472
28285 50545
63825 107952
44159 45777
165078 56809
36400 112763
90076 165444
128933 115984
30014 32352
44416 30435
32164 129361
89248 101783
157450 28985
1941 52561
101521 44415
29359 45777
36359 52632
128727 107952
9394 52633
126579 136023
66973 107952
87420 36392
69093 133128
135757 54310
44544 107952
49744 54624
166529 37095
52159 36405
29703 141820
32665 37368
33412 54748
108838 112833
49474 36241
14957 29260
136023 85459
7874 136023
42018 107952
138014 101783
113738 107952
54586 135758
29263 49744
20589 32665
44081 107952
124160 114332
3021 32866
86325 139094
101635 107952
106348 36400
94794 107952
22991 39334
21332 102957
86332 107952
39148 31845
52827 45442
31193 31748
33099 27894
107194 149843
54007 42189
159733 107952
34673 107952
20193 101783
2819 133128
47903 31194
45181 81574
120857 48687
30438 49289
39150 49290
40462 29263
69889 50965
122393 29652
114518 68627
36527 31748
52204 37147
39477 87449
52633 54019
133128 119517
22887 38300
59675 101783
51106 54583
13676 107952
159830 128808
155683 31487
88216 107952
51835 52366
37095 28720
52367 45540
152408 107952
80570 39384
44632 107952
22501 163688
159253 107952
1902 38300
110029 129361
117821 1952
47361 36575
39334 44595
70716 107952
125931 133128
51108 45540
49601 49398
52929 54624
29356 45442
44268 129361
32490 36851
23618 126264
120127 51862
118602 36400
46705 29263
127803 36400
87621 107952
38622 1952
58779 139094
64527 107952
168832 81574
158837 36400
48194 38308
19847 34148
33076 45442
5466 107952
147629 107952
113601 88400
150408 83946
37785 36405
68628 70915
136061 141820
36852 49398
64511 107952
44415 37147
100060 36400
151529 31753
19586 129361
158675 36400
