206
71216
80746
88850
71997
67372
81247
82010
150186
71996
82003
79397
71208
67254
81250
82007
82012
88494
71207
82009
66920
80976
68108
71217
74883
71215
65454
81245
81914
80646
82006
81612
81246
82005
71993
67020
65911
81775
66150
67374
90695
122595
62584
164613
86105
9183
135678
2765
165609
63053
33971
61281
79950
55313
127921
135475
129734
76652
119488
164614
96455
1305
25164
54741
22441
90430
40808
153998
64333
3921
35419
23017
1423
17809
140258
106131
91648
78008
74763
141709
28166
48736
89993
34450
57252
31106
84586
107417
135704
115091
49870
142091
63080
113149
112582
104338
53270
31319
168776
119269
114871
168763
8244
7813
133077
104511
6342
151519
10297
66922
88267
119523
123069
53736
130651
4855
150770
40988
116816
47339
65104
50111
165451
124072
7660
69121
43686
32371
63058
82393
126987
85755
124642
136928
104282
104281
44281
165708
147346
9489
130223
112529
157469
67069
109536
137816
64332
112365
106187
107005
29384
113130
80776
144834
108647
46622
112815
37360
77077
122440
3640
50248
48363
38009
137029
35405
38919
119748
98021
119875
112699
72009
124661
112051
143297
50512
49270
88521
54077
77465
85362
82448
132549
111441
1762
75359
106454
37541
31697
132529
100948
34147
34461
47832
50639
77878
33541
52206
34707
41557
34850
47831
34674
34710
33474
95658
41559
191
23017 31106
115091 80976
82003 66150
53736 81245
29384 64332
79950 150186
130651 66922
90430 82012
140258 82009
77878 107005
67254 76652
77077 64332
3640 64332
40988 81245
116816 81245
38009 35405
47339 33541
82012 71217
61281 150186
50111 44281
74763 8244
10297 119523
165451 81245
34674 54077
119748 112365
66920 107417
104511 124642
112365 119875
6342 66150
80976 82005
122595 80746
80746 62584
7660 81245
71997 81246
55313 150186
113130 35405
82448 112815
89993 82009
1762 106187
68108 119269
144834 112365
25164 82007
37541 106187
32371 81245
98021 112699
46622 64332
63058 81245
85755 34147
124642 81245
31106 3921
136928 112815
150186 33971
31319 80976
40808 88494
153998 71207
71996 71216
3921 31106
71216 81775
49270 54077
35419 82009
54077 130651
104281 112815
124661 112365
142091 80976
106131 3921
80776 64332
91648 82009
44281 81245
33541 47339
41557 34461
33971 33541
78008 82009
88267 65911
143297 35405
34710 54077
65911 71215
95658 50639
112699 112365
64332 106187
8244 74763
85362 106187
157469 81245
67069 81245
81775 88850
48736 82009
49870 80976
66150 71993
41559 52206
112815 109536
48363 64332
82010 2765
137029 64332
35405 108647
38919 64332
66922 168763
84586 17809
123069 81245
47832 54077
129734 71208
168763 66922
1423 82009
77465 106187
4855 137816
50639 95658
17809 34450
79397 81247
63080 80976
133077 71217
71208 129734
52206 34674
34707 47832
81250 1305
37360 64332
122440 82448
50248 50111
150770 81245
34850 54077
82007 25164
65104 81245
88494 40808
47831 34707
114871 68108
127921 150186
71207 153998
82009 141709
124072 137816
50512 112815
28166 82009
119488 67254
107005 33541
69121 81245
132549 106187
22441 82007
75359 106187
43686 112529
151519 71215
82393 81245
126987 81245
81247 81775
135475 119523
86105 80746
71217 82012
165609 150186
74883 104511
107417 66920
119269 68108
34461 50512
54741 82007
88521 106187
96455 67254
104282 104281
88850 81247
164613 80746
71215 6342
111441 106187
108647 64332
67372 71997
81245 69121
113149 80976
165708 81245
147346 81245
63053 150186
81612 71216
72009 112365
81246 81247
100948 4855
104338 66150
82005 104338
9489 81245
71993 81775
67020 82012
130223 81245
33474 34850
112529 4855
164614 10297
109536 112815
112051 112365
67374 112815
137816 136928
90695 71215
34450 17809
106454 106187
31697 54077
57252 3921
106187 132529
9183 81247
112582 67374
53270 80976
34147 106187
119523 66922
168776 80976
