105
3949
133126
30592
67545
106503
154021
60501
120538
14905
68937
11242
12838
18867
103110
69506
143526
12318
140923
6239
98
102140
98269
70830
39642
112674
99139
125493
124051
110679
166967
136759
132760
22682
40808
113811
113146
89815
1536
96590
93462
40307
117523
119356
118298
10764
24600
101068
133135
154883
129875
150672
3996
99140
131088
96487
98993
84416
38127
22673
41978
144499
134177
139580
125690
55159
160657
104395
39093
51011
46313
23694
150676
145089
8830
133139
149736
115366
132894
88965
95856
117867
99385
121249
90659
89615
113144
74807
88542
50043
33948
51392
40595
24468
81108
127670
52390
109283
88938
26771
75264
77567
77783
163125
77785
99226
94
102140 133126
38127 150676
22673 160657
149736 133139
98269 133126
115366 133139
132894 133139
70830 133126
12318 3949
30592 10764
88965 89615
41978 150672
95856 133139
117867 133139
99385 133139
121249 133139
99140 98993
90659 133139
89615 127670
39642 133126
113144 133139
139580 150672
112674 133126
125690 150672
160657 150672
74807 133139
104395 150672
88542 133139
6239 3949
39093 150672
50043 133139
33948 133139
10764 103110
129875 131088
96487 150672
51011 150672
46313 150672
99139 99226
51392 133139
125493 40307
40595 11242
124051 132760
24468 88938
81108 133139
110679 133126
127670 89615
52390 133139
3996 129875
145089 150672
166967 163125
109283 133139
88938 133139
26771 133139
75264 133139
77567 133139
140923 3949
136759 133126
132760 99139
77783 133139
22682 133126
40808 133126
98993 129875
163125 166967
77785 133139
3949 6239
133126 113811
113146 133126
99226 99139
133139 163125
98 3949
24600 127670
144499 150672
89815 133126
101068 99139
133135 121249
134177 150672
1536 133126
154883 10764
96590 133126
93462 133126
60501 30592
55159 150672
23694 150672
150672 125690
150676 117523
40307 133126
8830 150672
11242 150676
117523 99139
12838 113144
103110 10764
119356 133126
118298 133126
84416 129875
