101
107754
37005
131810
70983
55330
140553
132914
139018
23261
58673
99957
93934
111244
108644
132308
84857
40274
132493
155789
41184
59367
131653
133196
92428
56513
71732
52310
48931
87029
27418
17683
80872
54621
56617
142818
11644
130590
130701
72711
139963
99955
65015
55888
50806
76373
142347
142588
109607
106189
96677
6459
60165
96712
145189
37142
166384
72748
39545
41269
116905
38076
97604
88538
104604
35239
65391
66567
74228
26845
83972
85836
164926
13006
38116
42681
50668
38294
95629
93457
44761
34480
7560
44760
33012
140438
28296
34343
89129
35238
40630
41290
96766
128962
40550
105877
54079
6976
33214
105054
75451
117123
100
97604 130590
131810 99955
40630 128962
40550 17683
99955 132493
48931 54621
44760 139018
80872 40550
38076 44761
59367 52310
131653 111244
35239 140553
96766 40630
65015 99955
95629 109607
105877 40550
55330 107754
140553 74228
76373 97604
142347 70983
142588 70983
105054 111244
130590 37005
130701 139963
128962 40630
44761 54079
104604 140553
33214 105054
145189 55330
75451 33214
50806 99955
109607 97604
87029 111244
107754 111244
132308 99955
33012 99955
50668 132914
155789 111244
37142 55330
65391 140553
26845 140553
34480 139018
99957 117123
17683 72711
7560 105054
84857 107754
142818 37005
140438 111244
6459 96712
37005 75451
38294 140438
166384 55330
39545 58673
66567 42681
106189 40274
27418 111244
164926 140553
72711 17683
88538 140553
55888 96712
133196 40550
93457 44761
56513 37005
56617 37005
132493 99955
11644 37005
60165 70983
28296 99955
139963 111244
35238 111244
72748 166384
117123 111244
92428 38076
139018 44761
23261 35238
116905 132493
58673 107754
93934 107754
85836 140553
54621 54079
40274 48931
54079 54621
74228 140553
13006 140553
41184 107754
34343 139018
96712 116905
89129 139018
70983 65015
41269 55330
132914 111244
6976 40550
71732 54621
52310 140553
96677 70983
41290 111244
108644 107754
83972 140553
38116 140553
42681 140553
