234
71216
80746
88850
67372
81247
82010
150186
71996
67254
81250
82007
82012
71207
82009
74883
71215
82006
81612
65911
164613
9183
135678
165609
63053
79950
127921
129734
1305
90430
40808
153998
17809
140258
78008
89993
34450
57252
31106
135704
49870
112582
104338
53270
114871
168763
8244
104511
6342
151519
119523
53736
130651
4855
150770
65104
50111
165451
124072
7660
43686
82393
126987
124642
136928
104282
165708
9489
157469
67069
109536
137816
106187
29384
108647
77077
122440
3640
50248
38009
137029
119875
112699
72009
112051
50512
49270
34147
34461
77878
33541
52206
41557
34850
47831
34674
95658
33971
48929
28672
34692
34065
51851
33396
60366
32399
34741
34230
35409
47968
46941
126863
47221
52215
86103
43794
32135
48200
12496
28674
28202
49025
42128
43434
31288
32836
46960
26471
33475
137613
46813
106454
11392
39501
135306
27919
112442
30249
112774
126645
103559
99163
92732
71157
98477
162225
123453
132012
38558
95695
151398
68434
98305
69485
16149
95816
125143
30860
121778
71496
84807
146543
128519
64103
99106
65747
135670
148518
137133
11654
86280
99311
112443
107633
54998
52211
46955
34483
29238
39752
34201
39320
46962
53870
28671
41287
167214
47691
34202
33677
47121
50185
32834
32097
58536
13429
29975
54078
100409
35958
146202
40764
46623
32596
43798
31695
39754
46627
38456
34233
42181
47220
34962
35169
47487
48939
52518
50137
33235
34239
42683
31998
33237
54533
29627
45190
36981
144827
153231
31318
36779
129531
45334
15667
33973
197
36981 52211
11392 106454
135306 106454
30249 106454
144827 46813
126645 106454
130651 109536
90430 82012
32399 33475
140258 82009
12496 48929
162225 106454
34201 53870
39320 33541
50111 126863
47691 34962
6342 119523
43434 86103
98305 112443
69485 50111
89993 82009
32836 28674
46960 34201
30860 106454
121778 135306
71496 106454
146543 106454
153998 71207
71996 71216
13429 54998
29975 34202
54078 34850
135670 112442
46813 54533
40764 34201
46623 46962
33541 42683
41557 34461
33971 126863
78008 82009
31695 33541
47220 34202
34230 33541
82010 82009
31998 34202
33237 34202
39501 106454
47221 34202
103559 106454
52215 39752
17809 34450
32135 33541
92732 106454
39752 124642
98477 106454
52206 34674
81250 1305
122440 137816
50248 33475
53870 34201
47831 34461
127921 150186
28674 129531
33677 32596
42128 32836
126863 53870
16149 106454
125143 106454
151519 71215
81247 74883
47968 42683
165609 150186
74883 104511
33396 34201
88850 81247
146202 54998
71215 6342
137133 135306
11654 106454
63053 150186
43798 52215
46627 52518
34233 34201
34692 47220
35169 34201
109536 130651
34741 33541
106454 30249
33235 33541
57252 31106
9183 81247
29627 29975
119523 71215
27919 106454
112442 106454
112774 106454
153231 52211
46955 42181
31318 34201
34483 39752
36779 53870
79950 150186
129531 33541
45334 52211
15667 52211
99163 106454
71157 103559
33973 34201
48200 33541
67254 71207
46962 33541
82012 71215
28671 12496
123453 106454
165451 164613
34674 54078
41287 39752
28202 48929
49025 53870
104511 124642
34065 34201
80746 71215
50185 33541
32834 33541
95816 106454
32097 50185
84807 106454
58536 47691
128519 132012
64103 106454
31106 82009
136928 137816
150186 42181
99106 106454
54998 167214
137613 33541
71216 80746
49270 50512
35958 33541
148518 107633
86280 106454
99311 123453
46941 42181
32596 29975
65911 71215
60366 49025
52518 33541
34239 34962
54533 34201
45190 34201
52211 34202
28672 34692
86103 49025
43794 60366
4855 137816
29238 39752
150770 135704
35409 33475
34850 54078
132012 135306
38558 106454
167214 54998
34202 47220
71207 153998
82009 17809
50512 34461
124072 137816
95695 106454
48929 47220
151398 106454
68434 106454
51851 34065
47121 34202
31288 54533
26471 28674
33475 33541
65747 106454
34461 50512
100409 167214
164613 80746
108647 130651
67372 71216
107633 132012
112443 30249
81612 71216
39754 42683
38456 33541
42181 29975
34962 34202
47487 46955
48939 33541
137816 34962
34450 17809
50137 47121
106187 34147
42683 33541
34147 126863
