237
71216
80746
67372
81247
82010
150186
71996
81250
82007
71207
82009
74883
71215
82006
81612
65911
164613
9183
135678
63053
79950
129734
1305
90430
40808
153998
17809
140258
78008
34450
57252
135704
49870
112582
104338
53270
114871
168763
8244
104511
6342
53736
130651
150770
50111
124072
7660
43686
136928
104282
9489
157469
67069
109536
137816
106187
29384
77077
3640
38009
112699
72009
112051
50512
49270
34147
34461
33541
41557
47831
34674
95658
33971
48929
28672
34692
33396
60366
34741
34230
35409
47968
46941
126863
47221
52215
43794
48200
12496
28674
28202
49025
43434
46960
26471
137613
46813
106454
11392
39501
135306
27919
112774
126645
103559
99163
92732
71157
98477
162225
132012
38558
95695
151398
98305
16149
95816
125143
30860
71496
84807
146543
128519
64103
99106
65747
148518
137133
11654
86280
107633
54998
52211
34483
29238
39752
46962
53870
28671
41287
167214
47691
34202
33677
50185
32097
58536
13429
29975
54078
100409
40764
46623
32596
43798
31695
39754
34962
35169
48939
50137
34239
42683
31998
33237
54533
29627
45190
36981
144827
153231
31318
129531
45334
15667
33973
82012
71208
99253
67020
82004
71217
90695
60847
82003
79397
88494
80647
66920
90696
80976
71997
90693
68108
71995
79393
71994
88495
65454
81245
81914
71206
80646
67251
81246
82005
71993
67025
81775
66150
67374
81695
82011
82008
34120
94573
80548
115673
43198
36833
63294
88852
96309
85957
127127
16313
131053
8863
138358
168429
28421
42470
45497
131213
140598
9541
46288
228
36981 52211
11392 106454
135306 106454
144827 46813
126645 106454
53736 81245
130651 109536
90430 82012
140258 82009
12496 48929
162225 106454
85957 82004
50111 126863
168429 82004
47691 34962
42470 82004
6342 88852
80976 82005
43434 52215
98305 71496
7660 115673
131213 82004
9541 34147
46960 48929
71995 164613
30860 106454
71496 106454
146543 106454
40808 88494
153998 71207
71996 99253
13429 54998
29975 34202
54078 34674
46813 54533
40764 42683
46623 46962
33541 42683
41557 34461
80646 115673
33971 126863
78008 82009
31695 33541
34120 81250
157469 81245
66150 99253
34230 33541
82010 99253
31998 34202
33237 34202
39501 106454
47221 34202
129734 71208
168763 71995
103559 106454
52215 39752
115673 80646
36833 82004
17809 34450
79397 71206
92732 106454
88852 66150
71208 129734
39752 126863
98477 106454
81250 1305
96309 164613
53870 39752
47831 34461
114871 68108
28674 129531
33677 32596
45497 34461
126863 53870
90693 71215
16149 106454
125143 106454
81247 81775
79393 99253
47968 42683
71217 82012
71994 71216
74883 104511
33396 33541
71215 6342
81245 67069
137133 135306
11654 106454
63053 150186
82006 99253
43798 52215
9489 81245
71993 88495
67020 82012
34692 53870
35169 33396
67025 90695
109536 130651
34741 33541
67374 99253
106454 135306
81695 90695
57252 82009
9183 81247
29627 29975
82008 99253
27919 106454
80548 82004
112774 106454
153231 52211
31318 52211
34483 39752
82003 99253
79950 150186
129531 33541
45334 52211
15667 52211
99163 106454
71157 103559
33973 47221
48200 33541
127127 131053
131053 82004
8863 82004
46962 33541
82012 71217
28671 12496
34674 45497
41287 39752
28202 48929
49025 53870
66920 99253
99253 90696
28421 82004
104511 74883
80746 71215
50185 33541
71997 81246
68108 114871
95816 106454
46288 39752
32097 50185
84807 106454
58536 47691
128519 132012
64103 106454
136928 137816
90696 135704
150186 71994
99106 106454
54998 167214
137613 33541
71216 81775
49270 50512
135704 90696
148518 107633
86280 106454
71206 81612
46941 33396
32596 29975
67251 68108
135678 71206
65911 71215
8244 71995
60366 49025
67069 81245
81775 80746
49870 80976
82011 99253
82004 8863
34239 34962
54533 33541
45190 34202
52211 34202
28672 34692
94573 60847
43794 60366
43198 82004
29238 39752
63294 36833
150770 81245
35409 33971
82007 99253
16313 82004
138358 82004
88494 99253
132012 135306
38558 106454
167214 54998
34202 34962
71207 153998
80647 99253
82009 17809
124072 137816
50512 34461
95695 106454
48929 26471
151398 106454
140598 67374
43686 81245
26471 28674
60847 82012
88495 71206
65747 106454
34461 45497
100409 167214
104282 81245
164613 80746
65454 99253
67372 99253
81914 82004
107633 132012
81612 71216
81246 81247
104338 66150
82005 104338
39754 42683
34962 34202
48939 33541
137816 34962
90695 90693
34450 17809
50137 46623
106187 34147
42683 33541
112582 67374
53270 80976
34147 126863
