243
71216
67372
81247
82010
150186
71996
81250
82007
71207
82009
74883
82006
65911
164613
135678
63053
79950
129734
90430
40808
17809
78008
34450
135704
49870
112582
104338
53270
114871
168763
8244
6342
53736
150770
50111
124072
7660
43686
136928
104282
157469
109536
137816
106187
29384
3640
38009
112699
112051
50512
49270
34147
34461
33541
41557
47831
34674
95658
48929
28672
34692
33396
60366
34741
34230
35409
47968
46941
52215
12496
28674
28202
43434
46960
26471
137613
46813
135306
27919
126645
103559
99163
92732
71157
98477
162225
38558
95695
151398
98305
16149
125143
30860
146543
128519
64103
99106
65747
148518
137133
11654
86280
107633
54998
52211
34483
29238
39752
53870
28671
167214
47691
34202
33677
32097
58536
13429
29975
54078
40764
46623
32596
43798
34962
35169
34239
42683
33237
54533
29627
45190
36981
153231
31318
45334
33973
82012
99253
67020
82004
90695
60847
82003
88494
80647
66920
90696
80976
71997
90693
71995
79393
88495
65454
81245
81914
80646
67251
81246
82005
71993
67025
81775
66150
67374
81695
82011
94573
80548
115673
43198
88852
96309
85957
131053
8863
138358
28421
42470
131213
140598
9541
95816
77836
75790
90330
4343
12668
3845
141007
1495
78599
77835
164803
23608
149758
164953
157088
134790
148403
146513
37050
124738
86237
148374
84122
70383
41832
17653
133752
1552
23792
14693
132946
17877
153741
12037
22851
123457
34718
15117
16648
26347
134468
135746
151916
17347
17945
166132
19348
108671
117191
146542
3900
109847
132159
66894
126455
109332
82723
13939
94205
60589
214
141007 77836
36981 52211
135306 95695
53736 81245
90430 82012
157088 77836
12496 48929
85957 82004
50111 81245
37050 77836
124738 77836
47691 34962
148374 77836
84122 77836
75790 135306
70383 77836
42470 82004
41832 52215
6342 88852
80976 82005
43434 52215
17653 77836
98305 135306
7660 115673
1552 77836
131213 82004
17877 77836
153741 77836
9541 34147
46960 48929
71995 164613
90330 95816
123457 77836
34718 77836
15117 77836
16648 77836
134468 77836
40808 88494
71996 99253
151916 77836
13429 54998
17945 77836
29975 34202
54078 34674
166132 77836
108671 77836
117191 77836
77836 146542
46813 54533
109847 77836
66894 77836
40764 42683
46623 52211
126455 77836
33541 42683
41557 34461
80646 115673
78008 82009
13939 77836
94205 77836
157469 81245
66150 99253
34230 33541
82010 99253
33237 34202
168763 71995
103559 71157
52215 39752
115673 80646
17809 34450
88852 66150
39752 52211
81250 99253
96309 164613
12668 95816
53870 39752
47831 34461
28674 48929
33677 32596
90693 90695
81247 81775
79393 99253
47968 42683
74883 81247
33396 33541
81245 104282
137133 135306
63053 150186
82006 99253
43798 52215
71993 88495
67020 82012
34692 53870
35169 33396
67025 90695
109536 43434
34741 33541
67374 99253
81695 90695
29627 29975
1495 77836
78599 77836
77835 77836
164803 77836
80548 82004
153231 52211
31318 52211
34483 39752
82003 99253
23608 77836
79950 150186
149758 77836
45334 52211
164953 77836
71157 103559
33973 34692
134790 77836
131053 82004
8863 82004
82012 60847
148403 77836
146513 77836
28671 12496
34674 54078
28202 48929
86237 77836
66920 99253
99253 90696
28421 82004
133752 77836
23792 77836
14693 77836
132946 77836
71997 81246
12037 77836
95816 77836
22851 77836
32097 33541
58536 47691
128519 99106
136928 137816
26347 77836
90696 135704
135746 77836
99106 75790
54998 167214
17347 77836
137613 33541
71216 81775
49270 50512
19348 77836
135704 90696
3900 77836
132159 77836
148518 107633
109332 77836
82723 77836
46941 33396
32596 29975
67251 90696
60589 77836
65911 90696
8244 71995
60366 29627
81775 71216
49870 80976
82011 99253
4343 95816
82004 8863
34239 34962
3845 78599
54533 33541
45190 34202
52211 34202
28672 34692
94573 60847
43198 82004
29238 39752
150770 81245
82007 99253
138358 82004
88494 99253
167214 54998
34202 34962
71207 99253
80647 99253
82009 17809
124072 137816
50512 34461
95695 75790
48929 26471
140598 67374
43686 81245
26471 28674
60847 82012
88495 81247
34461 50512
104282 81245
65454 99253
67372 99253
81914 82004
107633 148518
81246 81247
104338 66150
82005 104338
34962 34202
137816 34962
90695 90693
34450 17809
106187 34147
42683 33541
112582 67374
53270 80976
34147 106187
