248
71216
67372
81247
82010
150186
82007
71207
82009
82006
164613
79950
90430
40808
17809
78008
34450
135704
49870
112582
104338
53270
114871
168763
8244
53736
150770
50111
7660
136928
104282
157469
109536
137816
106187
29384
3640
112699
112051
50512
49270
34147
34461
41557
47831
34674
95658
48929
34692
33396
47968
46941
52215
28674
43434
46960
26471
137613
135306
27919
126645
103559
99163
92732
71157
98477
95695
151398
98305
16149
125143
30860
146543
128519
64103
65747
148518
86280
107633
54998
52211
29238
39752
53870
28671
167214
47691
34202
33677
32097
58536
13429
54078
40764
46623
32596
35169
34239
42683
33237
29627
45190
36981
153231
31318
45334
33973
82012
67020
82004
90695
60847
88494
80647
66920
80976
71997
90693
79393
88495
81245
81914
80646
67251
81246
82005
71993
67025
81775
67374
82011
94573
80548
115673
88852
96309
131053
8863
138358
28421
131213
140598
9541
77836
75790
90330
4343
12668
3845
141007
1495
78599
164803
149758
164953
157088
134790
148403
37050
124738
86237
148374
41832
1552
23792
12037
22851
123457
34718
15117
16648
26347
134468
135746
151916
17347
17945
166132
19348
117191
146542
3900
109847
132159
126455
109332
13939
94205
66150
74961
27413
152085
29212
122610
61116
109572
67254
35119
87444
16313
82447
164612
141756
153917
164162
35522
144577
36315
91848
104674
105052
45553
98299
114904
43056
51620
9254
36833
154431
34424
61888
99955
64301
65040
124824
100948
28978
138280
28411
164614
81004
57948
124068
53448
65136
139729
136231
30312
42693
98558
105712
123259
14561
124182
108009
138479
95637
150651
148584
221
141007 77836
36981 52211
135306 95695
53736 81245
61888 27413
90430 82012
99955 27413
157088 77836
98299 98305
50111 81245
37050 77836
82447 66150
124738 77836
47691 53870
148374 77836
138280 27413
75790 135306
41832 52215
80976 82005
43434 108009
98305 100948
7660 115673
1552 77836
131213 82004
9541 34147
46960 48929
123457 77836
34718 77836
15117 77836
16648 77836
134468 77836
40808 88494
151916 77836
13429 54998
17945 77836
54078 9254
166132 77836
152085 66150
117191 77836
77836 146542
109847 77836
40764 42683
46623 52211
126455 77836
41557 34461
80646 115673
78008 82009
13939 77836
94205 77836
164612 82004
157469 81245
66150 74961
82010 82009
104674 164613
33237 34202
105712 152085
14561 88852
124182 39752
34424 65040
103559 98558
52215 39752
115673 80646
36833 28978
17809 34450
64301 27413
88852 144577
98477 124068
39752 52211
96309 164612
87444 35522
53870 39752
47831 34461
28674 48929
33677 32596
28411 27413
90693 164614
81247 81775
79393 67372
47968 42683
98558 98299
51620 154431
154431 27413
33396 53870
81245 104282
124824 128519
71993 88495
150651 122610
67020 82012
34692 53870
35169 33396
67025 90695
109536 105712
53448 138280
67374 30312
29627 35169
1495 77836
78599 77836
164803 77836
80548 82004
153231 52211
31318 52211
79950 150186
95637 36833
149758 77836
45334 52211
61116 66150
164953 77836
71157 103559
109572 131053
33973 34692
67254 71207
35119 88852
65040 34424
134790 77836
131053 82004
8863 82004
82012 60847
148403 77836
28671 29627
34674 54078
86237 77836
66920 81246
28421 82004
81004 27413
23792 77836
71997 81246
12037 77836
123259 40764
22851 77836
32097 34692
58536 47691
128519 124824
64103 105712
136231 27413
136928 137816
26347 77836
135746 77836
54998 167214
114904 27413
17347 77836
137613 34147
71216 81775
49270 50512
19348 77836
122610 150651
3900 77836
132159 77836
148518 107633
109332 77836
46941 33396
32596 34202
67251 90695
148584 122610
141756 67374
8244 82447
81775 71216
49870 80976
164162 66150
36315 65040
82004 8863
34239 39752
105052 66150
3845 78599
45190 34202
52211 34202
9254 34674
94573 60847
29238 39752
150770 81245
16313 82004
138358 82004
88494 40808
167214 54998
34202 53870
71207 67254
82009 17809
50512 34461
28978 27413
95695 75790
48929 26471
124068 98558
140598 67374
144577 88852
139729 81004
26471 108009
30312 36833
60847 82012
88495 81247
43056 27413
74961 66150
27413 36833
65747 124824
34461 50512
42693 152085
104282 81245
29212 36833
164613 152085
45553 74961
67372 71997
81914 82004
108009 53870
107633 148518
81246 81247
100948 135306
104338 66150
82005 104338
153917 66150
164614 140598
57948 27413
137816 136928
90695 90693
34450 17809
35522 87444
106187 34147
65136 53448
138479 29212
91848 66150
42683 53870
112582 67374
53270 80976
34147 106187
