253
71216
81247
71207
82006
164613
79950
90430
40808
17809
78008
34450
135704
49870
112582
104338
53270
114871
168763
53736
150770
50111
136928
104282
157469
109536
106187
29384
3640
50512
34147
41557
47831
34674
48929
34692
33396
47968
46941
52215
43434
46960
135306
103559
99163
92732
71157
98477
98305
16149
125143
30860
128519
64103
107633
54998
52211
29238
39752
53870
28671
47691
33677
32097
58536
13429
54078
40764
32596
35169
34239
42683
29627
45190
153231
31318
45334
82012
67020
82004
90695
60847
88494
80647
66920
80976
71997
90693
79393
81914
80646
67251
81246
71993
67025
81775
67374
82011
94573
80548
88852
131053
8863
28421
140598
9541
77836
90330
4343
12668
3845
141007
1495
78599
164803
149758
157088
134790
148403
37050
124738
86237
41832
23792
12037
22851
123457
15117
16648
26347
135746
151916
17945
166132
19348
117191
146542
3900
109847
109332
13939
94205
74961
27413
152085
29212
61116
109572
67254
35119
87444
16313
82447
164612
141756
153917
164162
144577
36315
91848
105052
45553
9254
36833
154431
34424
61888
99955
64301
65040
124824
100948
28978
138280
28411
164614
81004
57948
53448
65136
139729
136231
30312
42693
98558
105712
123259
14561
124182
108009
138479
95637
148584
138358
131100
67212
92835
95353
103191
91946
104512
108260
93568
165317
151961
45739
41204
35219
47464
132550
137811
64102
43794
13301
105109
111511
35892
96708
56309
106190
54663
145190
34201
45339
64810
52513
156198
143001
47463
43168
55525
144056
167083
66330
49669
136294
107827
112966
111610
45068
122578
132016
129874
28296
144917
47573
113799
38831
42197
35238
44919
43153
111073
66475
222
141007 77836
47464 131100
61888 27413
64102 131100
90430 82012
99955 137811
13301 131100
165317 138358
131100 35892
96708 131100
157088 77836
56309 131100
106190 131100
54663 131100
145190 131100
34201 53870
50111 108009
37050 77836
124738 77836
156198 131100
47691 34201
138280 27413
41832 52215
80976 112582
43434 131100
98305 100948
9541 34147
46960 34201
129874 131100
123457 77836
47573 131100
15117 77836
16648 77836
40808 88494
151916 103191
13429 54998
17945 77836
54078 35892
43153 131100
166132 77836
152085 105712
111073 105712
117191 77836
77836 146542
108260 95353
109847 77836
40764 34201
41557 34674
13939 77836
94205 77836
164612 82004
92835 138358
105712 107827
151961 131100
14561 88852
124182 34201
41204 131100
34424 65040
103559 98558
52215 39752
36833 28978
17809 34450
64301 27413
105109 131100
88852 144577
39752 52211
87444 103191
45339 131100
64810 131100
53870 34201
47831 41557
52513 131100
143001 131100
33677 32596
28411 27413
144056 131100
167083 131100
90693 164614
112966 131100
81247 81775
47968 42683
98558 153917
38831 131100
42197 131100
35238 131100
154431 27413
33396 34201
95353 138358
124824 128519
71993 88852
67020 82012
34692 35892
35169 34201
67025 90695
109536 131100
53448 138280
67374 30312
29627 35169
1495 77836
78599 77836
67212 93568
45739 105712
164803 77836
80548 82004
153231 52211
31318 34201
132550 131100
95637 36833
149758 77836
45334 52211
61116 88852
71157 103559
111511 111610
109572 131053
67254 71207
35119 95353
65040 34424
134790 77836
131053 82004
8863 82004
82012 60847
148403 77836
28671 29627
34674 54078
86237 77836
66920 81246
28421 82004
55525 131100
66330 131100
81004 27413
23792 77836
71997 81246
93568 67212
12037 77836
123259 40764
22851 77836
111610 131100
45068 131100
122578 131100
32097 34692
58536 47691
128519 124824
64103 105712
144917 131100
136231 27413
136928 131100
26347 77836
35892 131100
135746 77836
54998 53870
71216 81775
44919 131100
19348 77836
66475 105712
3900 77836
109332 103191
46941 33396
32596 34201
67251 90695
141756 67374
81775 71216
49870 80976
164162 67374
36315 65040
82004 8863
34239 39752
3845 78599
45190 34201
52211 39752
9254 34674
94573 60847
35219 131100
137811 99955
43794 131100
29238 39752
150770 135704
16313 82004
138358 103191
88494 40808
104512 95353
47463 131100
71207 67254
50512 35219
28978 27413
48929 47968
43168 131100
49669 34201
140598 67374
136294 131100
107827 103191
144577 88852
132016 131100
139729 81004
28296 131100
30312 36833
60847 82012
113799 131100
74961 153917
27413 36833
42693 152085
29212 36833
164613 41204
45553 74961
81914 82004
108009 53870
107633 124824
81246 81247
100948 135306
104338 88852
153917 74961
164614 140598
57948 27413
90695 90693
34450 17809
106187 34147
65136 53448
138479 29212
91946 95353
42683 53870
112582 67374
53270 80976
34147 106187
