259
81247
71207
82006
164613
90430
40808
17809
78008
34450
135704
49870
112582
53270
114871
168763
53736
150770
50111
136928
157469
109536
3640
50512
34147
41557
34674
48929
34692
33396
47968
46941
52215
43434
135306
103559
99163
92732
71157
98477
98305
16149
125143
30860
64103
107633
54998
39752
53870
28671
47691
32097
54078
32596
35169
34239
45190
153231
45334
67020
82004
90695
88494
80647
66920
80976
71997
90693
80646
67251
81246
71993
67025
81775
67374
82011
94573
80548
8863
28421
140598
77836
4343
12668
141007
164803
149758
148403
37050
124738
86237
12037
22851
123457
16648
26347
135746
151916
17945
19348
117191
146542
3900
109847
109332
13939
94205
74961
27413
152085
29212
61116
67254
35119
87444
16313
82447
164612
153917
164162
91848
45553
9254
36833
154431
34424
61888
64301
65040
124824
100948
28978
138280
28411
164614
81004
57948
53448
65136
136231
30312
98558
105712
123259
14561
124182
108009
138479
138358
67212
92835
95353
103191
91946
104512
108260
93568
165317
151961
41204
35219
47464
132550
137811
43794
13301
111511
35892
96708
56309
54663
145190
34201
45339
64810
52513
156198
143001
47463
43168
55525
167083
49669
136294
107827
112966
45068
132016
129874
28296
144917
47573
113799
38831
42197
35238
43153
111073
66475
111610
56055
72253
111023
111624
133676
111976
135889
98027
112379
31868
126325
107732
112587
136317
78667
6235
141288
140597
104032
47465
167168
135374
105402
111974
3636
72748
10372
105155
92753
109537
63101
3799
136832
116816
38076
34343
18843
73207
135905
119748
37105
30225
77120
104267
75359
33011
159509
108013
44493
89266
115791
107662
98993
107670
165667
45499
89092
111509
92746
36792
217
141007 77836
107670 111023
165667 111023
3636 3799
45499 111023
47464 105712
61888 27413
111509 111023
105155 104267
92746 105402
36792 111023
165317 138358
96708 10372
54663 36792
116816 43434
34201 53870
50111 108009
37050 77836
124738 77836
18843 111023
47691 34201
72253 111610
119748 107633
138280 27413
80976 112582
43434 108009
98305 100948
135889 31868
123457 77836
47573 111511
16648 77836
98993 72253
40808 88494
151916 103191
17945 77836
43153 10372
54078 35892
152085 105712
111073 105712
117191 77836
77836 146542
108260 95353
109847 77836
41557 34674
141288 109537
13939 77836
94205 77836
135374 111023
164612 82004
92835 138358
126325 36792
78667 111610
89266 61888
105712 36792
151961 105712
14561 29212
124182 34201
10372 109536
34424 65040
103559 98558
52215 39752
107662 109332
36833 28978
17809 34450
64301 27413
39752 124182
87444 103191
64810 141288
53870 34201
52513 35892
47465 111023
73207 56055
28411 27413
90693 164614
16149 119748
31868 111023
107732 111023
112966 4343
81247 81775
47968 35169
98558 107662
105402 105155
38831 3799
42197 105712
35238 126325
72748 44493
154431 27413
33396 34201
95353 138358
6235 111610
124824 98305
34343 53870
71993 81775
111624 111610
67020 67374
34692 35892
35169 34201
67025 90695
109536 126325
53448 126325
67374 30312
112587 111610
108013 105155
67212 93568
164803 77836
80548 82004
89092 126325
132550 135905
109537 75359
149758 77836
71157 103559
111511 108013
67254 71207
35119 95353
65040 34424
38076 56055
8863 82004
104032 126325
148403 77836
28671 34239
34674 54078
86237 77836
66920 81246
28421 82004
133676 111023
55525 111023
81004 27413
71997 81246
93568 67212
112379 111610
12037 77836
123259 29212
22851 77836
111610 136317
45068 36833
159509 109537
32097 34692
64103 105712
136231 27413
26347 77836
35892 54078
135746 77836
111974 56055
54998 53870
111023 135905
19348 77836
66475 105712
3900 77836
3799 3636
136832 3799
109332 103191
46941 33396
32596 34201
67251 90695
37105 111023
30225 41557
81775 81246
104267 105155
49870 80976
164162 67374
140597 126325
82004 8863
34239 36792
44493 109537
45190 34201
9254 34674
94573 164614
35219 50512
92753 56055
43794 48929
150770 135704
16313 82004
138358 103191
88494 40808
104512 95353
71207 67254
50512 35219
56055 135905
28978 27413
48929 47968
43168 34201
111976 111023
77120 72748
49669 34201
140598 67374
75359 105155
136294 105402
107827 103191
132016 28296
28296 10372
30312 36833
113799 111023
74961 153917
27413 36833
115791 72253
29212 36833
164613 3799
45553 74961
63101 56055
108009 53870
107633 124824
81246 81247
100948 44493
167168 95353
153917 74961
164614 140598
135905 111023
57948 27413
98027 111610
90695 90693
34450 17809
33011 34424
65136 53448
138479 29212
91946 95353
112582 67374
53270 80976
