100
139709
3949
133126
30592
77477
19483
67545
106503
21746
154021
60501
120538
38893
129875
50492
86237
14905
163620
68937
11242
95628
12838
44055
18867
103110
69506
8453
86059
12757
143526
6332
109750
122615
7705
12318
140923
6239
98
9768
8732
9396
102140
98269
153579
70830
131129
67836
39642
112674
99139
125493
124051
55352
110679
97596
100415
153043
48873
120634
111101
52636
166967
159911
136759
132760
114414
22682
40808
113811
113146
24918
131661
78570
89815
157284
102631
160135
1536
96590
148274
93462
152428
65501
40307
9361
117523
119356
118822
27653
118298
3921
83207
10764
133139
24600
101068
133135
168809
154883
57867
98
102140 157284
12318 9396
30592 10764
39642 133126
154021 139709
139709 120538
112674 133126
110679 133126
97596 133126
86237 139709
153043 133126
111101 112674
166967 133126
159911 125493
95628 139709
44055 139709
18867 139709
109750 9396
69506 139709
140923 3949
132760 99139
22682 133126
120538 168809
40808 133126
3921 30592
3949 122615
133126 113811
113146 133126
131661 133126
78570 133126
67545 139709
21746 139709
160135 111101
1536 133126
154883 10764
148274 133126
93462 77477
60501 30592
152428 136759
40307 133126
11242 139709
12838 139709
103110 10764
119356 133126
27653 118822
86059 139709
98269 133126
83207 30592
153579 3921
70830 133126
131129 125493
67836 157284
77477 139709
19483 139709
168809 10764
106503 139709
6332 9396
6239 9396
10764 102631
129875 139709
99139 109750
125493 40307
124051 132760
55352 133126
14905 139709
100415 99139
163620 139709
48873 133126
68937 139709
120634 24600
52636 133126
12757 139709
136759 7705
114414 133126
9396 3949
133139 30592
98 7705
24600 30592
24918 133126
89815 133126
8732 9396
101068 99139
133135 30592
157284 67836
102631 96590
57867 30592
96590 133126
38893 139709
50492 139709
65501 148274
9768 3949
9361 133126
117523 99139
118822 8732
7705 8732
8453 139709
118298 133126
143526 139709
