286
10274
36935
157771
159830
12392
49289
161934
53395
28828
6303
147629
12479
12485
4300
102605
90337
149730
16616
39149
26863
98548
69889
28931
18704
33041
37147
59675
22817
117035
33077
28985
86332
49474
155974
137543
33099
151884
129361
63825
72021
33155
115077
33157
53641
49575
14769
29108
156100
111053
123356
49630
33265
45595
37406
35373
51766
37433
168515
29260
45645
135757
29266
29267
160346
37474
39532
39537
51829
41591
29304
148091
37499
51836
39581
45738
19116
78516
78518
166599
146117
17096
66252
123620
117480
54007
41728
160512
2819
129796
56082
99096
37657
138014
70428
49950
80687
13102
13111
127803
99135
103248
64344
72537
54120
168832
39814
54153
150408
37785
136094
78760
119743
113601
138187
13259
136142
158675
84946
111576
148445
84964
142314
52204
93166
35823
35825
27634
101368
130046
64511
31748
31749
29703
132106
29704
29705
31755
150540
50191
29711
50192
33813
68628
62497
42018
46122
103466
123948
82992
158769
117821
23618
128085
29783
29784
42074
76897
46200
169082
19586
134276
136324
56456
46221
38033
38040
162985
44228
42185
54477
165078
64734
40161
85227
27891
142582
27894
27896
27902
165117
34049
70915
34051
156959
95523
29994
30000
9520
54582
68918
54585
130360
118077
38208
38212
52550
122190
52561
132439
5466
34142
54624
142691
34146
34148
56678
13676
50546
50548
109969
99728
97700
138660
46566
122343
44544
34308
67081
19987
159253
19992
32288
36392
157231
36400
40501
108111
40530
48732
118367
32352
128619
46705
28285
149120
36526
36527
36529
97988
104137
83667
44756
42716
34525
20193
128738
30438
89832
32490
42760
81695
165664
128808
53048
67393
85835
139094
42848
49001
106348
1902
34675
26492
124800
55175
153488
124818
32665
77723
1952
16292
126905
128953
42940
135100
42942
42943
106437
16325
133072
42966
22501
104426
49139
36854
159733
70
160346 129361
34525 36400
128738 36400
64344 147629
30000 27902
89832 50546
31749 46122
162985 68628
117035 128085
27634 129361
128619 130046
130360 84964
33265 32352
122343 1952
37474 129361
54153 19992
76897 19992
84946 138187
39149 40501
136094 36400
106437 84946
4300 98548
51836 54585
12485 129361
1952 64734
36392 118367
54582 27902
53641 142314
46122 54585
49139 78518
156100 84946
165664 1952
50548 56082
44756 37433
142314 38040
148091 129361
32352 34148
42185 29260
12392 129361
42942 54007
39581 34148
31755 54585
39532 38040
99728 28985
37406 84946
138187 84946
51829 54585
18704 1952
97988 129361
128085 99135
148445 138187
35373 34148
103466 118367
98548 1952
37147 29260
40161 37147
38208 39537
155974 27902
142691 34148
106348 36400
33099 27894
30438 49289
36527 31748
52204 37147
159830 128808
117821 1952
127803 36400
68628 70915
19586 129361
158675 36400
