103
83972
60165
140553
139018
72711
66567
92428
142347
93457
17683
37142
27418
130590
55330
48931
145189
34343
109607
56617
89129
72748
132914
58673
117041
71732
41269
6459
164926
131653
97604
70983
41290
85836
133196
55888
40274
52310
76373
54621
108644
40550
65391
99955
38005
99957
50806
39545
84857
11644
31615
7560
28296
111244
132493
155789
37005
132235
130701
95629
140438
38294
64152
104604
75933
96677
35238
35239
116905
34480
122801
40630
42681
75451
38076
139963
33214
56513
128962
96712
106189
13006
132308
44760
88538
44761
23261
26845
131810
41184
142818
38116
59367
80872
107754
50668
93934
166384
74228
33012
87029
65015
96766
142588
103
97604 130590
131810 99955
40630 128962
40550 17683
99955 132493
117041 132493
48931 54621
44760 139018
80872 40550
38076 44761
59367 52310
131653 111244
75933 122801
35239 140553
96766 40630
65015 99955
95629 109607
55330 107754
140553 74228
76373 97604
142347 70983
142588 70983
64152 140438
130590 37005
130701 139963
128962 40630
44761 139018
104604 140553
33214 40550
145189 55330
75451 33214
50806 99955
109607 97604
87029 111244
107754 111244
122801 111244
132308 122801
33012 99955
50668 132914
155789 111244
37142 55330
65391 140553
26845 140553
34480 139018
99957 107754
17683 72711
7560 99955
84857 107754
142818 37005
140438 111244
6459 96712
37005 75451
38294 140438
166384 55330
39545 58673
66567 42681
106189 40274
27418 111244
164926 140553
72711 17683
88538 140553
55888 96712
133196 40550
93457 44761
56513 37005
56617 37005
132493 99955
11644 37005
60165 117041
28296 99955
139963 111244
35238 111244
72748 166384
92428 38076
139018 44761
23261 35238
116905 132493
58673 132235
93934 107754
85836 140553
54621 71732
132235 58673
40274 48931
74228 140553
13006 140553
41184 107754
34343 139018
96712 116905
89129 139018
70983 75933
41269 55330
132914 111244
71732 54621
52310 140553
96677 70983
41290 111244
108644 107754
83972 140553
38116 140553
42681 140553
40630 140553
38005 107754
31615 132493
