286
36935
159830
12392
49289
53395
28828
147629
12479
12485
4300
102605
90337
16616
98548
69889
28931
33041
37147
33077
28985
86332
49474
155974
33099
151884
33155
115077
33157
53641
49575
29108
156100
111053
123356
49630
33265
45595
37406
37433
168515
29260
45645
135757
29266
29267
160346
37474
41591
29304
148091
37499
45738
78516
78518
17096
66252
123620
54007
41728
160512
99096
37657
70428
49950
13102
13111
127803
99135
103248
54120
168832
54153
37785
136094
78760
119743
13259
136142
111576
148445
29703
132106
29704
29705
50191
29711
50192
33813
62497
42018
46122
103466
123948
82992
128085
29783
29784
42074
46200
169082
136324
46221
38033
38040
42185
54477
165078
165117
34049
70915
34051
156959
95523
29994
30000
9520
54582
54585
38208
38212
132439
5466
34142
54624
34146
34148
13676
50546
50548
99728
46566
34308
67081
157231
108111
128619
46705
149120
104137
83667
42716
34525
128738
30438
42760
165664
128808
67393
42848
1902
34675
26492
124800
55175
153488
124818
1952
128953
42940
42942
42943
133072
42966
22501
104426
10274
157771
161934
6303
149730
39149
26863
18704
59675
22817
117035
137543
129361
63825
72021
14769
35373
51766
39532
39537
51829
51836
39581
19116
166599
146117
117480
2819
129796
56082
138014
80687
64344
72537
39814
150408
113601
138187
158675
84946
84964
142314
52204
93166
35823
35825
27634
101368
130046
64511
31748
31749
31755
150540
68628
158769
117821
23618
76897
19586
134276
56456
162985
44228
64734
40161
85227
27891
142582
27894
27896
27902
68918
130360
118077
52550
122190
52561
142691
56678
109969
97700
138660
122343
44544
19987
159253
19992
32288
36392
36400
40501
40530
48732
118367
32352
28285
36526
36527
36529
97988
44756
20193
89832
32490
81695
53048
85835
139094
49001
106348
32665
77723
16292
126905
135100
106437
16325
49139
36854
159733
70
160346 129361
34525 36400
128738 36400
64344 147629
30000 27902
89832 50546
31749 46122
162985 68628
117035 128085
27634 129361
128619 130046
130360 84964
33265 32352
122343 1952
37474 129361
54153 19992
76897 19992
84946 138187
39149 40501
136094 36400
106437 84946
4300 98548
51836 54585
12485 129361
1952 64734
36392 118367
54582 27902
53641 142314
46122 54585
49139 78518
156100 84946
165664 1952
50548 56082
44756 37433
142314 38040
148091 129361
32352 34148
42185 29260
12392 129361
42942 54007
39581 34148
31755 54585
39532 38040
99728 28985
37406 84946
138187 84946
51829 54585
18704 1952
97988 129361
128085 99135
148445 138187
35373 34148
103466 118367
98548 1952
37147 29260
40161 37147
38208 39537
155974 27902
142691 34148
106348 36400
33099 27894
30438 49289
36527 31748
52204 37147
159830 128808
117821 1952
127803 36400
68628 70915
19586 129361
158675 36400
