2070
98303
13
98319
81953
32809
81959
98359
147518
147522
81986
98387
98391
16479
131169
114789
114794
147570
82051
65670
139
138
114850
147636
65720
49343
98501
147666
82131
82134
216
49368
82142
65758
82145
131304
235
147729
164120
16697
16709
16711
16713
16712
164179
49494
33129
33130
33131
131442
33139
82310
16789
82348
65966
33211
49598
115134
16852
82387
131540
98782
49640
98792
513
516
164367
131597
98833
527
16912
82457
540
98862
164411
148024
98891
164432
148063
82528
115295
16996
66151
148071
49787
636
98944
17023
131733
164510
66205
131740
98984
82602
98997
131771
148157
99040
17127
115444
148219
99080
777
164624
131878
131881
815
66352
148276
115514
131909
82763
131916
50027
131949
99188
164727
148344
115587
99213
148372
17309
115617
33698
17327
50098
82867
99253
132025
966
66503
988
115679
82916
33773
99311
132076
164853
132094
1023
99330
66565
82948
132108
17450
33835
66626
99401
99403
148569
1135
164980
33912
33917
50302
33919
17538
164999
148624
148631
165023
99487
66719
132266
99511
148675
33987
148684
17614
17617
115924
99552
115950
148717
83183
99585
148739
115981
165136
1301
99610
116005
50476
34110
99647
17732
66889
148817
50514
148820
165214
165225
165223
1401
83323
99715
99717
116108
99738
132518
148899
66981
132516
50606
67021
50639
17884
83427
148966
1517
83450
132624
116251
116252
149027
34338
165414
67109
50724
83504
149040
67132
83529
83533
116345
99965
67197
99967
165511
149141
149146
50858
34473
132788
100025
1732
116437
67294
149220
1772
100081
149235
18165
18169
18173
34566
149267
165656
165659
165698
34629
132939
83793
116560
132978
100208
116595
83831
116610
165766
165763
51081
165772
165773
34704
1954
1960
51116
83889
1981
18380
149453
18388
100310
2009
100311
100348
51203
133125
100361
149515
149528
133168
2108
67647
84052
100437
51294
67712
18568
34954
84119
2201
166050
18594
166058
166063
34990
84150
67767
2231
2247
18657
100579
84194
166122
166119
149740
133363
18679
149759
18692
51461
84231
133389
166168
18732
2352
18736
35123
149823
35135
149842
2384
149843
67938
100710
166245
18812
35196
2430
100746
117132
2447
166290
35224
117146
18845
117151
2461
35232
2487
149948
133567
117194
35296
166375
100838
133620
84480
133643
68148
51785
166483
150100
84567
19048
150126
150158
2740
19131
150218
84679
101072
101092
117480
166634
35568
19192
35578
51965
2813
133885
150275
51978
51977
150290
19229
19238
2874
150335
2892
19285
101208
35677
19303
84842
101231
35697
101257
101256
19341
84887
117664
68516
68515
68520
134064
3002
52163
35801
101342
52208
19442
68595
150515
117749
134145
117766
117768
3097
166946
85042
101451
134225
68692
19542
166996
117851
85082
101480
85109
85118
52353
85132
167054
36021
150715
3262
117955
134339
117960
3278
3282
101585
68830
19677
101603
19711
118038
85276
118046
19748
118057
36149
19765
101686
52541
3391
101693
3398
101710
150867
118102
68955
3421
101731
19818
118127
19828
150905
150907
52606
134532
167306
52617
134546
167315
134557
85410
69029
36264
52648
19887
134589
19903
19917
134608
3553
118242
52719
19952
36336
3575
19966
19968
52740
118284
151062
85529
118300
52772
118311
85548
134717
101953
20040
101961
134732
118359
36442
134761
167537
3710
102018
85639
102022
3720
102030
36503
52894
151202
167585
36520
118442
151208
118446
151224
20154
20156
3786
85725
52963
52964
52969
85752
69395
3870
20258
151335
85801
134952
20271
167728
20291
53063
134990
20321
85880
167800
53118
167808
151433
102280
20370
151444
36763
85919
36771
69543
4012
20398
20400
118710
135102
118717
69569
53194
36815
4071
135149
151551
20491
86056
86059
86066
4147
86068
20535
102459
86077
69713
168016
151636
20569
53360
36977
102530
4227
36998
118922
118935
102556
37021
4267
118960
135346
20669
118980
53465
119005
86237
20711
102637
102640
119030
20735
20738
20737
119042
20740
37130
69913
53529
119087
151884
86360
20829
168287
53605
4458
168300
70010
4480
102835
119219
119218
20937
70087
4553
20987
21006
102937
102957
86582
86584
70209
37445
53828
21063
37448
37449
37457
86657
119425
53893
21132
21134
53908
135831
37524
119447
152230
21156
4775
152239
53940
119480
21180
119508
119517
168677
168675
4853
168698
168700
103168
54021
152330
4882
168720
119573
21273
86813
70445
4912
37679
152373
168770
119616
103242
103250
54127
4986
119683
4996
21381
21393
5029
54202
5059
21474
136177
37880
54266
136190
54276
54278
168970
21515
136217
168991
37921
136232
5162
21569
70724
21578
54347
119885
54354
21589
54363
5214
119905
54371
5227
54382
38000
54395
5261
5263
5266
5268
5270
70807
5273
152728
54426
136362
103591
5313
152774
152776
136406
21720
21724
136419
120077
103699
5416
70990
54607
87378
54615
136536
21856
136544
71026
54648
54650
21894
103815
103821
71057
71065
71072
71084
71095
87487
71106
54739
153063
136682
153077
54775
153080
153110
120342
153116
153124
71205
54830
38455
103995
87620
22090
54858
104016
22107
22115
136809
104041
87676
38532
87695
54930
153279
54986
120526
71384
22250
104178
87797
87801
38656
153350
38667
71438
22317
22333
38716
104277
5976
104290
55138
137082
71578
22438
71592
104380
153545
137169
55257
120797
120806
104425
6144
38917
71697
38948
22566
120883
104502
88118
153666
55367
104529
71771
6239
22627
55395
55406
39023
88177
153716
6271
120977
39068
39073
153769
104641
39120
88288
153823
6378
39168
22794
22819
6444
22832
55621
121166
6481
72019
39253
153962
39279
22909
121227
121230
72112
121266
121270
6592
6593
121282
104908
72145
154070
88545
104935
72184
88570
88574
104986
6686
6701
105017
105032
105039
39512
137826
88684
55921
6778
72314
55930
23180
55953
39575
137880
105115
137890
39602
121522
23220
88762
137911
6847
121536
6854
154331
23258
23278
39662
121594
56060
23302
23303
23306
23309
56079
154387
88860
23326
154411
121661
39761
56150
23391
39781
121706
23404
39798
138105
23417
39813
23438
39829
23457
23468
121793
105408
89026
39904
105445
121833
154601
72695
7159
89087
7169
154632
121879
72786
7258
7262
40032
105577
138346
40044
40053
72838
89229
105616
89235
154771
138393
40090
89245
56483
72877
23728
40124
122043
154815
72901
138437
23754
7383
138459
7395
7397
122093
7405
40175
138481
23792
7425
138499
89349
72970
7445
105754
40220
72988
23837
23842
7460
72996
89382
56617
122156
23860
73016
23873
122177
105803
105824
154977
40289
73072
56688
73081
73082
7562
40350
23982
23983
105908
23988
122300
155073
56772
155075
122321
89556
155104
24046
40436
40439
24070
24069
105998
24088
106018
24102
73262
24117
122426
24130
24133
89670
89676
7758
138840
24161
56935
73342
155290
155293
40609
24236
122560
7882
89805
138959
73424
40663
155359
73441
106213
106226
138998
122615
89851
155387
139010
139007
122637
7957
89880
139034
24345
57130
139075
40776
73596
73611
8078
40851
40863
24480
24508
24517
40906
73679
8143
24543
106472
8168
90093
40944
8177
40954
57341
90118
106503
57354
90132
122901
106533
8236
24633
155709
90176
24657
106582
24679
41066
90220
41080
41084
24713
57519
41154
139467
139471
106722
155878
41199
41203
41206
41207
123138
57603
106770
41240
24871
106800
41267
74039
106808
155979
24909
123218
24917
24934
139652
139679
25006
8657
90579
90592
156143
74227
107005
123399
8713
25109
8728
139811
41528
57912
156218
139841
41552
107094
41559
139877
139881
74345
74349
156275
25212
74371
107139
57990
156307
156314
90781
8870
90797
107185
123571
41656
139974
8902
90823
123613
123637
107259
41723
156413
90875
58108
123645
8963
74512
74518
25372
140061
156473
90938
74557
25408
25414
123724
41825
140137
25448
156526
156529
140155
9090
41863
91023
25511
74676
156600
140217
74708
156638
41957
41958
25581
74745
41978
156674
74767
9237
140316
156711
156708
9254
74796
74798
107572
42036
123964
42060
9308
25701
91243
42129
74901
25752
124064
25771
42157
25810
25816
74968
156918
58664
91438
9525
107831
25923
107847
124230
75077
58722
25961
42352
124278
157047
107906
26037
107963
26046
107965
75210
91618
140778
9707
140781
157176
124409
9724
75263
58883
26135
58905
91675
91677
124448
124482
108109
26203
91753
75383
59014
9874
91802
140965
140969
157355
75440
9909
140987
42690
26318
26357
42743
91905
10004
10012
108324
26418
157498
10047
59231
141149
157556
124790
26490
141198
75686
124841
10157
10169
75708
141247
157637
10195
157655
124909
141302
26617
108551
92173
124941
75791
157721
26661
43047
141354
141357
59438
141378
26691
43078
43080
92231
92233
125002
157772
141401
108637
92279
157839
157841
125074
125075
141460
43167
26782
141472
26788
92342
141502
141505
59598
125140
26848
26876
43264
92428
10508
43288
26910
76066
157984
141612
59698
26939
158013
108871
76101
10568
10573
125294
108914
59767
43385
43389
76157
59790
158116
59819
92591
27067
10684
27072
43466
125388
76237
76251
59875
141796
125429
43514
141817
109054
141844
43560
158258
10803
141877
141886
125504
92737
10830
43598
92754
27219
109141
76378
158306
10856
27243
43633
43656
158350
109196
158348
158347
60046
141978
141999
92849
158390
109235
158402
125636
43721
158414
60114
10972
125665
60145
11001
125691
109311
11018
76553
142093
109331
11027
11042
158501
11045
43814
158517
11061
76615
158537
11083
60237
43856
109398
109402
158559
142201
158598
158600
43923
142237
142239
43933
125855
11212
60375
27614
109536
158695
11237
142309
27641
158714
11265
125977
27674
93219
11321
76863
142402
126017
93266
126044
158815
44133
44141
109687
142463
109708
142494
109726
60588
27822
60594
109750
27853
142540
142545
109793
77023
93414
27884
11516
60688
158994
126227
142621
159018
159019
11567
159034
93496
27963
142663
60755
27988
44374
159063
159069
44396
93551
44399
28027
109953
109959
142738
142741
60825
126372
126374
11690
159149
159157
44479
110015
93643
159187
44515
60914
11762
126461
28156
60928
77314
110081
44556
110104
159256
142878
60957
77353
159281
60976
44603
28224
60997
142919
28232
110160
11865
110187
11886
44661
61051
77448
44688
61072
11927
143002
143006
11949
28342
28348
77505
77510
44743
159432
28372
126688
93934
159487
12047
110352
12078
94001
77624
159545
44860
77634
61251
110413
110423
126814
110456
61315
12166
143242
12168
143248
77719
44951
143278
110518
143299
126932
159722
126959
45043
12282
143358
28672
159750
159751
110607
28686
61458
28709
143424
45135
94311
45159
12394
143469
159858
12404
110708
12410
77962
94349
159884
159894
12439
12438
61598
143530
143546
143561
110794
159960
94438
110826
159980
78074
127234
143633
94484
45339
127260
110884
12610
110916
45395
160087
78199
45432
61839
78234
111005
45475
94625
94652
127449
94692
143846
61941
45572
143879
12826
111130
143905
78368
143903
45605
45606
78375
143932
111186
62045
29293
78459
78464
111240
111250
29332
45721
12964
94895
78522
12994
62164
62168
78559
29428
78593
127749
111375
160541
160587
127827
62304
62322
45943
62340
127876
111491
29579
78732
144289
95169
29668
95205
29670
13296
46070
62475
144401
62496
95268
13348
78900
144440
111719
13421
160881
160882
13427
29810
144500
29814
13438
13440
13441
29828
13445
128143
29843
95385
46238
13482
29868
111790
62638
144560
79034
62668
46292
95453
111845
128263
29966
46352
161084
79165
111960
128365
62830
79213
95603
79221
144756
128381
112009
30099
144784
161181
30115
30121
161206
128444
30164
30177
79343
13820
13836
128524
30224
79381
112153
112161
30245
144947
30275
63044
79440
95860
13942
145018
13944
46729
13971
46770
95924
14032
112353
46816
161509
128748
63213
63216
46835
79610
96001
96003
30472
161546
63247
63270
46886
128810
128819
46897
112445
96085
112477
46942
161639
30571
145264
112508
145281
46981
14222
79775
47010
47023
14266
14269
145342
14298
63469
129011
47117
145421
145435
161824
79909
96297
96301
129076
112700
30789
145501
112739
96359
63590
14440
96376
30848
80000
80012
161935
96398
47252
80040
112808
161970
30904
30905
145599
129220
47313
14560
80100
14568
47353
162050
129298
30997
162081
96550
96559
112949
112952
14651
112955
14656
47433
145746
145750
80213
112984
96607
80226
162162
14707
162170
113033
129422
96675
47534
80306
63935
14784
80327
162249
31177
145868
113104
145876
47585
80359
14834
96761
80378
14842
31229
96763
14845
14850
14854
96782
80400
162323
113175
145963
145966
113205
47689
14958
80512
96897
162437
80518
47769
80548
80549
96936
96941
162485
113356
113371
47846
97024
146179
113423
64277
97051
47919
80700
97095
97107
80736
15208
47978
113529
64382
80766
80770
162689
129927
97165
129940
48020
113558
15259
113564
80811
48067
15320
64490
80877
48110
162804
97281
97285
31773
146466
97317
162870
113752
31848
64625
162931
146543
64629
146549
31873
48278
81048
97438
81066
48306
113847
130242
81094
31943
64715
31949
113873
130264
130268
48380
15639
48415
113962
146747
113975
97611
163144
97613
32079
97618
81239
48473
15705
97639
114040
15741
64912
114067
64925
114075
15776
81314
48549
146858
97720
114139
48608
15842
15854
65009
15860
130551
15864
97797
48650
130579
146973
48672
163360
48678
146986
146987
146985
65080
81466
81472
114242
130639
48726
65112
114266
114269
147055
81519
147081
147079
163469
65171
65182
16032
81570
130723
16034
32423
81579
81619
147157
81625
16103
130820
81676
32530
48921
81690
98073
81717
65343
81742
98126
65362
98129
81758
81762
49008
81786
49035
147342
114576
98197
32673
65447
98226
65460
81849
65488
114644
163798
49132
163821
114684
907
164853 102030
48306 29868
77719 122093
158258 48678
19968 24679
73342 59014
37448 38667
13296 99715
149843 116437
166483 99330
54650 14032
7425 102030
110160 124448
108637 74767
91753 108109
110916 96782
120526 163360
82348 80040
153769 148157
122300 102030
89556 153545
104986 121833
49598 89026
23837 31773
97639 123571
22317 109726
129011 157637
133389 153116
66889 157841
6854 14440
54395 5214
21134 24679
139 5268
11321 43288
83889 1023
106226 97285
28027 32809
60957 56617
121793 99715
45475 19765
66626 159149
30904 87676
82916 45159
36264 102030
15776 157841
136190 152239
20829 92233
111491 123399
116437 153116
112153 60114
83427 7258
39120 14298
18388 12439
32530 99715
1517 157841
14834 15776
123138 123964
6592 73441
124841 25414
16034 99715
52969 157841
71026 24117
73081 16103
25961 159149
148631 140781
60976 115679
130551 102030
67647 43288
164120 134557
118284 116437
6593 102030
20937 98073
81048 22627
59698 99040
78234 130820
64382 14222
45606 49787
35123 53063
94625 16103
146858 130264
159157 99715
149515 83504
140137 117664
94652 109235
60046 5214
12826 5214
97281 159063
151636 102030
26876 102030
30224 39168
19818 74039
63213 6444
61941 142878
34629 17617
50724 130264
152728 87676
118717 98891
159750 10684
144560 133567
1954 44860
109959 39073
37679 156638
43856 99715
58722 81579
112009 39168
13440 129940
60997 80226
35697 114269
125075 125074
85529 21578
60375 26939
141999 115679
114684 163360
147055 102030
61839 112700
26939 92233
42060 87676
112477 149843
104178 14269
39253 41207
48473 142878
66565 116437
41528 52719
96301 46835
159545 99715
18812 115679
26418 146466
117151 66565
22832 31773
24102 25511
28672 44396
98359 115679
30905 15776
146179 55621
4996 39168
110081 101072
81959 149141
114139 41206
156708 142878
17127 41207
68830 79034
98862 94311
30275 115679
43656 115679
966 146466
24543 131442
1772 125294
135102 31773
126814 17617
24679 23306
53194 115679
20987 106533
148063 140781
81676 159149
54278 102030
132978 157841
14707 39073
36763 113752
134952 51461
35578 115679
147079 68516
2247 102030
54347 5214
157721 102030
119219 119087
84480 118284
5270 139
76157 87676
127260 140781
118242 47252
72996 23837
31773 99715
126372 116437
53893 102030
105039 87676
82134 115679
49035 79034
85132 115679
124482 116437
154411 71771
136232 54363
109687 5214
98792 159149
133168 114269
150905 90823
37921 5214
154331 99715
42743 159149
54775 137880
98073 20937
26661 123399
25810 28232
139467 140781
163798 158013
20321 114850
121522 105445
118960 149843
988 157841
150100 21578
148684 102030
11762 123399
99487 115679
115924 6378
125002 104016
99967 119087
52772 26876
125504 43288
129940 13440
37021 119030
111790 52740
31848 115679
46770 109141
50514 45395
165414 130264
46981 39073
85919 115679
99330 95603
86066 115679
24046 92849
109398 102030
121230 132266
112353 119087
158350 25414
86360 83504
60825 24909
61598 60145
144500 123399
159018 29428
140987 102030
162170 153116
101208 104041
126461 31773
138998 14298
138840 102030
119616 163360
26490 5214
63935 143248
80400 157176
40053 162689
23306 24679
145876 25414
113205 80549
92737 102030
96782 108109
9308 29428
165511 163360
98319 133363
107094 115981
168991 8713
66151 6701
132516 14222
125294 77314
33211 149842
39798 110352
32673 145281
37445 80518
25408 5214
60914 143932
2461 146973
104502 106800
36520 145342
29868 81676
12078 102030
107259 157841
141796 121879
45395 39168
77510 18736
122156 11949
133567 32809
96559 33129
16103 99715
122093 55621
106800 102030
97317 94484
45339 38917
10972 2009
155387 102030
166375 87676
100348 119030
44399 113752
143469 70209
89245 82948
29828 17617
24517 5214
157498 121661
56079 77314
43080 3282
13971 6271
114242 164120
105017 102030
76378 116437
102022 102018
120077 164411
125388 157772
118057 99715
12404 23404
4775 36977
159960 87676
157772 41958
146985 140781
117851 145876
107847 6378
123724 123399
54930 113423
52963 14032
14222 81676
72970 120806
8078 102030
80012 108109
155359 159149
24088 146466
48678 114850
38000 102030
90823 59014
74349 40124
166119 163360
153350 109141
137880 159149
118046 67132
151335 14032
54858 114269
57990 115679
81742 121793
24871 165511
104529 25511
13445 121661
18736 20829
20398 101072
132939 72996
73072 79213
132266 122901
43078 143248
10157 152239
54615 19952
34566 19903
14845 99715
40436 96297
30997 115679
102030 56617
636 44860
138346 157841
35568 18388
111240 108109
81849 157841
14560 89556
83450 92342
21132 109398
149528 25414
14656 95603
53605 157841
117664 89382
141302 123399
24508 23309
29814 39073
101451 157841
101953 14032
4553 966
96936 25448
24070 18845
132624 114850
102280 99715
2009 10684
168287 81676
73441 3002
41267 102030
53118 87676
152239 10157
43514 102030
81717 26788
46352 128381
85548 116437
101585 145435
134145 123399
143248 22627
91618 67132
150335 102030
149027 115679
67021 6778
45721 96559
13348 120806
102556 42352
158348 143248
124409 157841
25006 83504
3421 91905
67294 163360
22438 80518
154815 144440
19229 130242
131878 131881
74676 96359
3575 142738
162485 16103
3870 15776
11927 115679
119218 39168
80736 143299
111250 99715
80877 146466
64625 140137
35801 14298
82457 115679
162804 16103
136682 16103
147157 65966
22566 77624
4853 115679
153080 81786
29843 6378
151884 140781
22819 53063
110352 59014
74901 86077
80213 52740
95205 167537
158517 156473
168698 165136
98944 133125
10169 27641
128819 14269
95453 114269
114075 115679
27884 45605
110826 102030
149220 5214
44860 102637
131740 164120
59014 142201
16479 59014
82131 102030
28224 83504
17023 159487
7445 164120
63270 37021
40032 136419
141354 18736
29293 98359
89382 41978
121166 102030
9237 39073
84679 41978
43560 102030
125665 53063
54382 115679
71771 59014
99647 102030
11083 165511
118710 115587
55921 99715
16713 158598
38667 80518
126017 102030
3720 123399
55367 41207
44396 54739
87487 24236
23438 143248
5261 5270
101603 87676
128365 140781
73611 101208
11567 115679
3262 112700
79775 6378
122043 109331
138959 132094
123613 157841
150126 47252
33139 31773
139010 25414
81786 83889
113104 119087
6686 18388
81066 59598
85109 61251
129076 39512
107906 115679
99717 163360
40609 102030
167585 5214
156526 14560
113847 164120
97438 98984
55395 5214
142878 145342
131881 131878
30099 30905
28156 97285
105908 131733
100579 109331
20737 68515
138 5268
5266 5270
101731 99715
147636 153116
153545 89556
30789 39073
34473 153116
12439 966
72695 26037
36149 38667
41559 48020
166996 163360
121266 122426
41240 102030
48921 23180
12166 41207
57130 108109
60594 89556
143879 39073
148717 140781
93934 93643
18732 79034
166290 51461
147729 14298
140061 102030
33698 106808
65758 166119
19238 35123
43047 103250
78732 142878
10012 5214
54648 145342
19887 149823
96376 14298
11061 139881
165136 25414
20291 157841
46729 159149
92591 138346
39829 60688
139652 18657
133643 102030
128444 4227
98984 97438
109054 157176
19828 60825
91675 4227
120977 61051
4227 10573
109402 101072
80811 110413
32809 87676
65460 59014
21856 16712
27072 81676
97720 159980
19748 115679
166245 165773
50639 107005
122560 47252
43389 123613
10803 133125
30472 31773
44603 117664
144289 35123
3391 78234
67109 115679
111005 123399
40439 24070
156600 115679
121282 101072
102459 101072
158013 87676
25372 46292
49787 81676
74767 3421
149453 115679
3002 62304
22909 19711
55138 16034
53360 115679
19966 24088
34954 19192
14298 18845
159858 102030
2384 113423
139679 83504
101257 31773
3282 43080
128143 59790
21156 13971
54021 146466
167054 105754
164999 163360
24130 67132
64490 124482
103815 5214
99738 162689
115617 76251
33773 157841
47252 128381
87797 36520
43264 6444
156473 158517
117132 98984
108914 104502
37449 36149
150158 119447
131540 83504
147522 59014
6271 13971
149267 102030
109196 115679
109141 108109
124448 123399
10573 17617
54607 102030
128381 47252
106533 29428
21180 102018
149948 149843
68148 98073
92279 38917
3398 31773
39813 146973
36021 41207
79213 65966
136406 47252
106472 14269
12394 80518
145281 87676
161206 48678
100081 5214
51978 119030
33919 157498
65720 109141
38948 115679
148276 5214
165214 77505
151551 102030
78074 115679
149146 115679
156143 115679
143530 115679
83529 115679
153116 71578
14269 55138
76863 115679
23302 22819
159487 19952
161639 43633
99188 31773
96085 115679
5268 116437
156275 65080
15741 98073
117146 105039
5227 10684
105032 71592
162931 159019
112739 115679
158306 39073
134608 102030
128263 109054
12410 46352
116610 111375
24161 19968
105408 30177
135831 5214
96675 4775
149759 117768
83183 54830
164432 80518
112700 96761
131304 159149
70445 115679
85082 38917
159149 66205
62322 117664
65670 39073
112952 39168
21894 36815
103821 79034
102937 6378
40090 134589
55257 18568
162081 97720
22627 44141
120342 42352
145435 5214
99080 26876
152373 115679
159894 142878
140316 22317
62304 78234
102637 44860
109793 102957
38716 43288
147666 115679
61051 128810
146987 146986
101710 153116
815 159149
118311 29428
60237 157841
90220 49343
85042 112700
78459 72877
4986 5214
97797 77314
54426 146987
130639 31773
21474 62168
15208 59014
166050 6378
89851 157498
8177 142878
165763 121227
164411 89556
48549 41957
131733 99715
47534 115679
140217 98891
58905 58108
51785 84842
80512 102030
111130 43288
11516 100208
74227 149220
126688 98833
86068 116437
42129 32673
155293 108109
80548 80549
119042 54278
146973 116437
142663 123399
33129 87676
90797 54278
115679 43288
49368 119030
91905 103821
44688 18657
29966 149823
45572 18845
134589 105824
26788 10047
23258 102030
164624 18388
24236 130242
67197 114850
36815 116437
154977 13971
166946 163360
19903 99715
62668 142878
105754 167054
159884 146466
156307 29428
32423 24909
35196 115679
1301 153080
125074 125075
48380 30848
36336 36977
7159 110413
23220 25414
165766 163360
6239 966
49494 102030
152230 99715
81466 115679
41552 20669
43598 39512
52617 115679
145966 115679
153279 59014
40944 87797
41203 31773
48278 43288
56060 41978
109331 122043
156218 6854
31943 108109
76553 80226
28686 157841
45605 81676
134761 102030
100746 102030
47846 109726
48415 102030
128810 44661
49008 159545
2447 41207
68516 40851
2430 17617
148569 14298
64277 74767
134532 140781
146549 136419
71438 33131
35135 102030
26848 115679
47433 81676
30245 102030
1135 115679
151062 153962
15860 114139
52606 79165
16034 5214
96763 132788
113975 159751
78234 156526
112445 133363
153716 18388
41080 46886
113558 56688
42060 79034
48473 89349
96301 28232
166634 112949
35677 18388
138459 2740
5059 145018
85132 102030
6847 8657
141247 68595
11762 24679
115134 159751
65171 72019
2740 138459
134339 60755
143903 68595
132788 60588
52163 18388
81625 100025
143546 144784
119425 61072
84231 115295
13944 114139
16789 114139
51977 18388
64629 112949
23457 131909
91802 96897
13942 114139
12404 139010
88762 119425
18736 28232
132939 80400
16697 112508
91243 23860
14845 5214
54202 68595
168287 80359
101585 108109
77023 120806
154815 73441
111250 5214
162804 96897
86056 70990
153080 1301
15864 114139
39279 124409
168698 168700
143932 113975
7562 159751
74512 153716
61458 111845
73611 24934
122043 104277
139010 48608
9525 152239
100710 31177
131881 70807
138 5261
156413 151444
41154 159751
112949 80548
110015 128143
1732 143006
96376 159751
83533 99511
98984 127260
3278 4012
117955 131909
147518 68595
158013 41207
65112 56688
6144 83504
6271 27219
106472 19903
153962 18388
161206 18657
13820 3278
131949 111375
83529 102030
159487 92173
59790 100025
105032 5214
105408 100025
139841 52541
24934 159751
131733 5214
119042 129422
46942 143006
164624 143903
150290 104641
19903 79034
22115 104641
9724 2740
48380 79165
41552 39073
43598 5214
144784 100208
68595 147518
