320
46622
80746
165708
132529
52206
112365
34739
82012
109536
81612
90696
82393
34065
99253
44611
104282
33112
31973
33396
31012
31697
119269
35409
55805
124642
126987
33971
95658
149611
150770
85755
53736
85362
32399
96125
22441
40988
47339
122440
31969
7813
135475
66150
64333
65911
54200
137029
35145
89993
90693
9489
88494
32836
80647
41559
136928
48363
34707
112051
33475
71215
34230
114871
71217
47832
66920
47831
8244
100115
37360
160365
142550
32620
38924
41557
79393
112529
165451
52211
1762
128659
86103
54741
63058
137816
123069
124072
71206
164613
164614
31288
86105
67254
168763
132925
71996
37598
3640
82448
81775
69121
82004
124661
67020
44332
75359
79950
30599
161329
57252
80776
112699
54998
44477
84586
135704
143258
3921
35419
108647
111441
165609
34850
80976
4855
82006
115091
25164
48929
91849
106131
67372
88267
91648
116816
113149
130651
53206
9183
71216
63053
88521
51068
44281
82465
104338
106187
136759
23017
10677
79397
82011
67374
68108
28672
151519
46941
81246
104281
49270
46164
112582
52215
50248
96455
29384
33474
53270
45160
90695
46960
60366
43794
127921
135678
10297
89958
1423
119875
71997
82010
146021
35405
36644
77878
39215
34710
7660
47968
81666
1305
90430
133077
34147
28673
33541
81247
46813
31503
168776
129734
65104
113130
81250
34120
81245
77077
67069
119748
147346
49025
44287
67251
71994
34692
82009
66922
71993
60847
119488
51851
28674
106454
48736
149055
63080
119523
77634
34741
156621
47221
42181
153998
28202
82007
28166
64332
50512
107005
43686
48200
143297
122595
32135
34674
29742
140258
6342
71995
80646
141709
34461
130223
132549
82003
49870
38009
37111
107417
76652
17809
137613
72871
38919
112815
144834
7551
31357
12496
42128
40458
104511
82005
33553
142091
133970
78008
62584
81914
40808
88495
43434
157469
82008
100583
81695
126863
71208
55313
37855
61281
74883
31319
43537
26471
143483
150186
29391
74763
88850
67025
54077
50639
75760
72009
65472
65899
2765
100948
37541
34450
77465
50111
98021
85925
71207
32371
43295
31106
65454
358
31357 48200
23017 31106
53736 81245
79950 150186
130651 66922
90430 82012
32399 33475
28673 44611
140258 82009
77878 107005
48200 33541
54200 38924
67254 71207
12496 47339
40988 81245
116816 43434
38009 35405
47339 33541
82012 71217
50111 44281
31969 48929
10297 119523
91849 86103
165451 81245
34674 54077
28202 48929
33112 33541
49025 33541
66920 107417
104511 124642
37111 48929
6342 119523
34065 33541
43434 116816
80746 62584
7660 81245
37598 38924
82448 106187
89993 82009
68108 119269
25164 82007
32836 28674
46960 44611
98021 112699
46622 44287
63058 81245
32620 33475
124642 37598
31106 82009
136928 137816
150186 33971
40808 88494
153998 71207
31012 33396
71996 71216
54998 126863
137613 33541
71216 80746
49270 54077
35419 82009
33553 48929
44611 28673
38924 54200
54077 130651
104281 40988
124661 130651
46813 28673
91648 82009
44281 43295
33541 47339
41557 34461
46941 33396
33971 126863
78008 82009
65911 71215
95658 50639
112699 98021
85362 106187
157469 81245
60366 49025
67069 81245
34230 33541
48363 38924
82010 82009
35405 43295
66922 168763
84586 17809
47221 28673
123069 81245
52211 44611
28672 47832
36644 29391
47832 54077
129734 71208
168763 66922
1423 82009
161329 28674
77465 106187
52215 33541
86103 49025
43794 60366
4855 137816
50639 95658
17809 34450
44287 33541
30599 31357
32135 33541
71208 129734
53206 33396
52206 34674
40458 26471
81250 1305
122440 38924
50248 33475
150770 81245
35409 33475
34850 54077
82007 25164
65104 81245
88494 40808
47831 34461
114871 68108
127921 150186
28674 37111
43295 35405
71207 153998
82009 141709
124072 137816
50512 34461
42128 32836
48929 136759
51851 38924
107005 33541
126863 33541
31288 47339
22441 82007
75359 106187
43686 81245
151519 71215
37855 33541
82393 81245
126987 81245
81247 74883
135475 119523
34739 35409
47968 33396
136759 48929
26471 28674
71217 82012
33475 38924
165609 150186
74883 104511
107417 66920
119269 68108
34461 50512
88521 106187
96455 67254
104282 104281
33396 33541
133970 48929
88850 81247
29391 33475
164613 80746
71215 6342
111441 106187
108647 130651
67372 71216
81245 67069
165708 81245
147346 81245
63053 150186
81612 71216
81246 81247
104338 82005
82005 104338
9489 81245
67020 82012
130223 81245
34692 38924
164614 10297
109536 130651
34741 33541
137816 136928
34450 17809
106454 106187
57252 31106
106187 132529
9183 81247
34147 126863
119523 66922
115091 80976
82003 89958
143258 82007
100583 80976
67254 76652
116816 81245
47339 137816
64333 80647
61281 150186
149055 82009
74763 8244
55805 31973
66920 160365
99253 90696
29742 3921
6342 66150
80976 82005
122595 71206
7660 31503
71997 81246
55313 150186
46164 79397
32371 81245
71995 164613
85755 44332
124642 81245
31106 3921
51068 88494
90696 135704
150186 42181
31319 80976
71996 99253
3921 82465
71216 72871
75760 67254
135704 90696
104281 7551
85925 82007
142091 80976
106131 3921
44281 81245
71206 81612
80646 99253
33971 150186
67251 119269
82465 3921
88267 65911
7551 104281
135678 71206
34120 119523
64332 40988
8244 74763
100115 150186
81775 88850
48736 82009
49870 80976
66150 99253
31973 55805
82011 99253
82010 2765
82004 82012
168763 44332
146021 81245
79397 71206
63080 80976
133077 71217
10677 122595
81666 17809
88494 143483
156621 150186
80647 64333
28166 82009
119488 67254
90693 164614
69121 81245
132925 7660
43686 112529
44477 137816
81247 81775
79393 7813
77634 81245
86105 80746
71994 71216
60847 82012
88495 71206
54741 82007
43537 81245
96125 90693
149611 67254
65454 99253
67372 99253
81245 44332
113149 80976
81914 82004
82006 99253
104338 66150
71993 88495
128659 104282
112529 4855
39215 81245
67025 7813
45160 88494
65899 76652
67374 99253
90695 90693
81695 90695
57252 3921
31503 55805
142550 80976
112582 67374
65472 150186
35145 66920
53270 80976
82008 99253
168776 80976
82003 66150
29384 64332
77077 64332
3640 64332
119748 112365
112365 119875
122595 80746
113130 35405
82448 112815
1762 106187
144834 112365
37541 106187
46622 64332
85755 34147
136928 112815
3921 31106
71216 81775
104281 112815
124661 112365
80776 64332
33971 33541
143297 35405
34710 54077
112699 112365
64332 106187
66150 71993
41559 52206
112815 109536
48363 64332
137029 64332
35405 108647
38919 64332
79397 81247
34707 47832
37360 64332
122440 82448
50248 50111
47831 34707
50512 112815
132549 106187
108647 64332
67372 71997
81245 69121
72009 112365
100948 4855
71993 81775
33474 34850
109536 112815
112051 112365
67374 112815
90695 71215
31697 54077
34147 106187
