100
3949
117523
118822
136759
163620
44055
98
89815
131129
67545
86237
8453
99139
12318
152428
14905
8732
27653
100415
157284
60501
52636
22682
114414
98269
129875
112674
39642
109750
120634
55352
106503
68937
57867
6332
24918
101068
69506
153579
30592
159911
86059
1536
154883
18867
21746
97596
38893
50492
168809
95628
103110
148274
133135
10764
70830
93462
122615
3921
119356
125493
140923
132760
133126
133139
124051
67836
102140
78570
110679
113811
113146
9361
83207
12757
48873
19483
40808
111101
131661
118298
102631
40307
143526
65501
120538
9768
166967
77477
96590
12838
7705
153043
11242
154021
6239
160135
24600
9396
139709
118
102140 133126
12318 3949
30592 133139
39642 133126
112674 133126
110679 133126
140923 3949
132760 99139
22682 133126
40808 133126
3949 12318
133126 113811
113146 133126
1536 133126
154883 30592
60501 30592
103110 113146
98269 133126
125493 133126
136759 133126
89815 133126
117523 99139
102140 157284
12318 9396
30592 10764
154021 139709
139709 120538
97596 133126
86237 139709
153043 133126
111101 112674
166967 133126
159911 125493
95628 139709
44055 139709
18867 139709
109750 9396
69506 139709
120538 168809
3921 30592
3949 122615
131661 133126
78570 133126
67545 139709
21746 139709
160135 111101
154883 10764
148274 133126
93462 77477
152428 136759
40307 133126
11242 139709
12838 139709
103110 10764
119356 133126
27653 118822
86059 139709
83207 30592
153579 3921
70830 133126
131129 125493
67836 157284
77477 139709
19483 139709
168809 10764
106503 139709
6332 9396
6239 9396
10764 102631
129875 139709
99139 109750
125493 40307
124051 132760
55352 133126
14905 139709
100415 99139
163620 139709
48873 133126
68937 139709
120634 24600
52636 133126
12757 139709
136759 7705
114414 133126
9396 3949
133139 30592
98 7705
24600 30592
24918 133126
8732 9396
101068 99139
133135 30592
157284 67836
102631 96590
57867 30592
96590 133126
38893 139709
50492 139709
65501 148274
9768 3949
9361 133126
118822 8732
7705 8732
8453 139709
118298 133126
143526 139709
67836 133126
77477 133126
99139 133126
14905 153579
3949 6332
98 3949
12838 77477
118822 133126
6239 3949
10764 103110
3949 6239
93462 133126
