576
114697
131087
36935
163913
98383
159830
118869
32866
12392
28792
49289
37001
49290
53395
90262
28828
8347
147629
12479
114879
12485
4300
102605
45265
45266
45269
90337
106721
16616
114924
98548
69889
164098
28931
28943
33041
33043
37147
74017
33077
33078
28985
86332
49474
53570
155974
33099
151884
127324
74075
41325
49519
78191
164223
33155
131461
115077
33157
33160
53641
49575
29097
29108
156100
111053
16859
123356
49630
115182
33265
37368
37369
53762
53784
45595
37406
4640
29224
66090
33328
115254
37433
168515
29260
45645
29262
135757
29266
49746
29267
29269
160346
33369
37474
41589
41591
41590
29304
148091
37499
103042
33412
17043
8864
45738
29353
33450
4784
25265
29362
78516
29365
78518
33465
17096
66252
45780
82656
49889
123620
45807
54007
37630
41728
54017
160512
41729
54019
152323
99096
37657
70428
49950
156447
111401
13102
13111
127803
99135
103248
41818
78684
54119
54120
168832
54153
54152
37785
136094
45981
37793
78760
164793
119743
136134
13259
136142
111576
148445
50151
50153
50154
17392
29703
132106
29704
29705
29709
29710
50191
29711
50192
33813
62497
42018
46122
70698
103466
46123
123948
82992
164915
74826
25677
128085
29783
29784
37977
42074
156768
42095
42096
46200
169082
152696
17536
136324
46221
38033
21650
38040
148663
42185
54477
165078
54485
152793
46301
144617
115949
128251
165117
34049
70915
34051
42249
95506
156959
95523
29994
30000
9520
54582
54585
128311
54590
38208
83263
38212
46406
132439
5466
34142
54624
34146
34148
13676
50546
79218
50548
50569
99728
62875
66973
95662
66995
46521
46522
38346
87501
54751
136671
46566
54758
26088
30186
144895
34308
67081
157231
1583
108111
116307
87647
128619
42604
46705
116346
149120
42628
108187
104137
67276
67278
83667
124631
34522
42716
34525
38622
30433
128738
30438
30442
153326
141048
42760
157450
132877
38678
108319
165664
141091
128808
42814
67393
124740
137038
42848
1902
34675
26492
26495
124800
55175
153488
124818
1952
51108
128953
42940
42941
42942
42943
133072
42966
22501
83946
104426
43013
133131
6157
129051
10274
71747
157771
43087
59488
88190
34951
161934
6303
80034
157900
88283
149730
26854
39144
39149
26863
141578
18704
59675
35103
22817
117035
137524
26947
137543
39237
104782
129361
88400
63825
72021
63846
31126
113066
14769
145842
125365
51647
22991
39383
39384
39386
68068
113155
51720
64011
133669
80426
35373
51766
80469
150113
154210
39532
39537
51829
51836
43648
76427
43668
141972
51862
39581
19116
166599
146117
117480
166632
47873
47874
2819
129796
56082
113426
121624
138014
43808
68393
80687
47928
64344
72537
19294
43875
121715
39809
39814
52103
150408
80787
158627
88999
7082
48062
43967
113601
138187
158675
84946
84964
15333
15334
142314
52204
93166
35823
35825
27634
101368
52221
130046
64511
39936
31748
31749
31754
31755
150540
68628
44081
158769
117821
23618
48210
76897
44130
19586
134276
56456
101521
162985
44228
36051
56540
64734
40161
97508
85227
36077
27891
142582
134390
27894
27893
27896
27902
126218
118053
68918
130360
118077
101699
52550
122190
52561
44378
56667
142691
56678
105833
89453
163194
44416
109969
97700
138660
52648
19889
114097
122343
69093
56809
163315
163322
36346
44544
36359
114185
32267
40462
19987
159253
19992
36378
32288
36392
36400
167472
36402
44595
40501
36405
20033
40530
134740
48732
118367
32349
32352
32353
114273
15983
28285
97949
151209
36526
36527
36529
36538
97988
44756
69344
20193
89832
32490
151271
130802
85752
151309
81695
53045
28469
53048
44870
114501
85835
139094
49001
73575
163688
106348
16242
98163
3983
32665
77723
151458
102308
16292
16295
102318
126905
135100
106437
16325
77768
118727
24535
49139
40948
36854
159733
220
134276 17536
50546 49746
13259 49746
144617 17536
102318 102308
160346 129361
164223 129361
34525 36400
88400 47874
34148 144895
141972 138187
128738 36400
54017 52204
36346 53784
29304 49746
16242 36400
34051 54119
52561 48062
46521 88400
103248 121715
90337 88999
29362 34148
54590 37368
51862 138187
114924 102318
64344 147629
16859 1952
30000 27902
36378 54007
131087 34148
29710 50192
28792 31748
89832 50546
127324 48062
39144 36378
45269 54585
115254 167472
42095 44870
137038 102318
28828 43087
31749 46122
162985 68628
84964 163322
117035 128085
39809 30186
27634 129361
128619 130046
99096 54758
31126 48062
164793 95506
29994 48062
56540 148091
130360 84964
33265 32352
122343 1952
37474 129361
54153 19992
76897 19992
84946 138187
33450 19992
34522 35823
123620 39384
39149 40501
50191 43087
29365 37433
136094 36400
135100 49746
106437 84946
4300 98548
31748 37977
66090 29704
53784 56082
128311 34148
47928 129361
51836 54585
114185 129361
28931 108187
37368 36400
44130 34148
29269 50192
12485 129361
1952 64734
49001 51647
33078 54119
32349 34148
36392 118367
130802 129361
49290 28943
54582 27902
53641 142314
67276 36400
1583 36400
43013 34148
28943 32352
42604 102308
45780 53570
46122 54585
49139 78518
20033 34148
42716 141048
158627 82992
24535 46200
43668 1952
42941 52204
115949 28985
27893 48062
156100 84946
108319 1952
165664 1952
42814 78516
36402 30186
39386 22991
54120 29269
56456 44595
80034 54751
50548 56082
114697 28985
44756 37433
29097 34148
29266 43967
118053 17536
142314 38040
36405 43967
108187 84946
118869 36400
105833 29260
148091 129361
32352 34148
42185 29260
136142 118727
12392 129361
42942 54007
39581 34148
31755 54585
144895 49746
39532 38040
99728 28985
37406 84946
43087 27894
30442 53570
138187 84946
44378 44130
51829 54585
18704 1952
97988 129361
151458 89453
102605 108187
136134 29262
163688 39384
26495 53570
29224 53570
128085 99135
148445 138187
35373 34148
17392 108187
156447 17536
118727 36400
103466 118367
52648 102318
40530 53762
98548 1952
19116 17536
37147 29260
53570 54585
40161 37147
49889 99135
149120 167472
38208 39537
157231 144895
155974 27902
142691 34148
111576 17536
70915 167472
165078 56809
157450 28985
32665 37368
106348 36400
33099 27894
30438 49289
36527 31748
52204 37147
159830 128808
22501 163688
117821 1952
127803 36400
38622 1952
113601 88400
150408 83946
37785 36405
68628 70915
19586 129361
158675 36400
40948 43808
6157 113155
54017 53784
42249 43808
36378 53570
131087 33412
151209 33412
25677 43808
70698 36077
41729 36359
43808 97949
152696 154210
21650 43808
43648 43808
44130 97949
101699 43808
1583 164915
46522 128311
43013 43967
20033 44130
38346 33369
68393 43808
76427 29709
113155 43808
25265 43808
97949 43808
113066 101699
36051 38346
