867
24576
98304
114697
77836
131087
147494
28720
53296
28721
36935
163913
98383
159830
118869
32866
12392
28792
45181
36997
49289
37001
49290
28815
53395
90262
28828
8347
32932
147629
94380
12479
114878
114879
12485
4300
102605
139473
45265
45266
45269
90337
106721
151779
16616
24806
114924
78060
98548
147704
119037
69889
164098
28931
41223
28942
28943
102670
33041
33043
37147
53529
74017
114983
114984
33077
61747
33078
28985
86332
49474
53570
155974
33099
151884
33100
29017
127324
74075
41325
49519
78191
123252
164223
33155
45442
131461
33154
115077
33157
33159
33160
53641
115098
115103
49575
29097
29108
49601
156100
111053
8652
98765
147922
16859
123356
49630
115181
115182
33265
86510
37368
37369
53762
514
70153
102920
25102
123412
53784
45595
37406
4640
29224
115238
66090
29225
33327
33328
119347
115254
37433
156215
168515
82498
127556
29260
45645
29262
29261
135757
29266
49746
29267
29265
29269
160346
33369
90718
37474
53872
41589
41591
41590
29304
148091
37499
103042
33412
49800
17043
8864
29352
45738
29353
33450
33449
33452
4784
25265
29362
78516
29365
78518
33465
33464
45754
33475
17096
66252
45780
82656
37598
49889
123620
45807
54007
37630
41728
54017
160512
41729
54019
152323
45829
135961
99096
37657
70428
21276
49950
168734
156447
99106
111401
66346
13102
13111
127803
54075
99135
103248
41818
78684
54119
54120
50030
136061
168832
54153
54152
103304
74637
152472
37785
136094
45981
21405
37793
45984
45989
78759
78760
144305
164793
119743
136134
17352
13259
136142
111576
148445
50151
78822
50153
50154
74732
17392
82940
41983
115715
29703
132106
29704
29705
29709
29710
50191
29711
50192
33813
62497
42018
46122
70698
103466
46123
123948
54316
99375
82992
164915
74826
91210
25677
128085
29783
29784
37977
42074
29786
156768
13420
42095
42096
107633
46200
169082
152696
17536
136324
46221
38033
124048
21650
38040
25755
148663
46272
83141
42185
54477
165078
54485
152793
46301
144617
74984
83181
115949
128251
165117
34049
70915
34051
120064
34052
42249
95506
156959
99610
95523
83237
29994
30000
9520
54582
54585
128311
54590
38208
30014
120127
83263
38212
46406
132439
5466
34142
54624
34143
34146
34148
13676
50546
79218
50548
87420
50569
79240
99728
62875
66973
38307
95662
66995
46521
46522
34233
124351
116166
38346
128456
87501
71126
54748
54751
136671
46566
54758
26088
30186
144895
34308
67081
54815
157231
1583
103984
165444
87621
22085
108111
26189
116307
9815
87647
128619
42604
46705
116346
34425
165500
42624
149120
42628
71307
42645
120468
120474
108187
22178
104137
67276
67278
83667
54996
124631
34522
108248
42716
34525
38622
30433
128738
30435
30436
30438
30439
30440
30442
30443
153326
87789
141048
157439
30467
42760
157450
132877
59156
38678
108319
165664
141091
128808
59176
108331
165683
46905
112442
42814
67393
124740
137038
108365
42848
38750
1902
34675
153461
26492
51067
26495
124800
55175
79751
153488
124818
1952
51108
128953
42940
22459
42941
42942
42943
133072
34771
42966
104410
22501
83946
104426
120827
75773
43013
133131
6157
129051
10274
124990
71747
108615
88135
157771
43087
43086
137300
59488
88190
34951
161934
157843
112797
6303
80034
149692
157900
88283
121053
149730
149727
26854
84196
39144
39149
26863
39150
141578
18704
59675
35103
22817
108838
117035
137524
26947
137543
39237
72008
76107
104782
39244
129361
88400
63825
72021
6483
63846
22887
76157
31126
72095
113066
35242
14769
145842
125365
51647
158144
68034
18884
88521
22991
39383
39384
27095
39386
31193
35295
68068
35322
113155
51720
64011
125456
51732
59924
72220
133669
80426
35373
113197
51766
19004
162362
125522
80469
150113
154210
129632
39532
39537
51829
51836
51835
166529
43648
76427
113297
43668
141972
51862
39581
84646
19116
117431
166599
146117
117480
27367
166632
56047
47873
47874
2819
129796
56082
113426
121624
27414
138014
101151
43808
68393
80687
47928
64344
72537
19294
43875
113506
105318
121715
39809
39814
52103
150408
80787
23456
158627
88999
7082
68536
48062
43967
113601
101319
138187
3021
158675
84946
130000
84964
15333
76772
15334
142314
15335
52204
93166
35823
35825
27634
101368
52221
130046
64511
39936
31748
31749
31753
31754
31755
68618
150540
64527
68628
44081
158769
48181
11317
117821
48191
23618
48210
72789
113752
76897
15456
44130
76900
158837
56444
93308
19586
134276
56456
44171
52364
101521
89234
146601
162985
15547
44228
36051
56540
64734
77023
40161
97508
48354
85227
36077
44269
36078
27891
142582
27890
134390
27894
27893
27896
27902
15612
126218
52494
23825
118053
134444
68918
130360
146742
118077
101699
52550
101701
109901
122190
52561
167249
32087
44378
56667
142691
56678
105833
89453
163194
68986
44416
19847
109969
52628
52632
97700
138660
52648
19889
85424
114097
23998
56773
114121
85450
85459
122343
69093
56809
163315
163322
118262
36346
163325
44544
36359
114185
32267
40462
19987
159253
19992
36378
32288
36392
36400
48687
167472
36402
44595
40501
36405
65081
73275
122428
20033
40530
134740
44632
48732
118367
32349
32352
48734
32353
114273
89702
44649
97898
15983
28285
32386
163469
40596
114332
97949
102050
151209
81574
36526
36527
36529
36538
40640
97988
44756
69344
98015
20193
40673
89832
32490
151271
32491
130802
85752
36604
32509
155387
143113
151309
81695
20257
53045
28469
53048
98104
44870
114501
85835
122702
139094
118610
114518
49001
73575
163688
106348
16242
126835
98163
122762
3983
90003
32665
77723
36763
151458
102308
16292
16295
36779
102318
126905
135100
106437
16325
77768
118727
24535
122841
110567
49139
40948
36854
159733
472
134276 17536
50546 49746
36854 45442
13259 49746
71307 36400
144617 17536
102318 102308
33813 29225
46566 30435
160346 129361
164223 129361
34525 36400
88400 47874
32267 48687
34148 144895
72021 129632
141972 138187
128738 36400
156215 102318
52628 48687
115103 139094
167472 50030
54017 52204
36346 53784
30436 54748
29304 49746
32288 45442
16242 36400
27896 30435
34051 54119
52561 48062
46521 88400
79751 124631
72789 48732
103248 121715
135961 36400
54748 33412
90337 88999
102050 28985
115715 54624
165500 1952
29362 34148
6483 84946
29784 48687
54590 37368
51647 81574
22178 44130
51862 138187
114924 102318
64344 147629
16859 1952
46200 32491
121715 28721
38678 44269
33159 13259
30000 27902
117431 102318
36378 54007
124818 22887
131087 34148
33077 28720
29710 50192
28792 31748
89832 50546
118367 108365
127324 48062
39144 36378
45269 54585
49746 30435
115254 167472
9520 120474
42095 44870
137038 102318
162362 76107
28828 43087
31749 46122
23998 89453
162985 68628
84964 163322
30186 45442
117035 128085
39237 30435
39809 30186
29225 43087
27634 129361
128619 130046
99096 54758
53296 37147
48191 39809
31126 48062
164793 95506
76107 36392
78759 53784
29994 48062
56540 148091
27890 29260
130360 84964
33265 32352
122343 1952
108615 125365
37474 129361
34425 48062
54153 19992
76897 19992
84946 138187
91210 30443
163322 48687
33450 19992
34522 35823
123620 39384
48210 48191
90718 129361
39149 40501
50191 43087
29365 37433
136094 36400
135100 49746
98383 68536
52364 45780
106437 84946
49519 120474
54815 68618
68618 1952
59176 34148
4300 98548
31748 37977
66090 29704
53784 56082
33369 54748
128311 34148
47928 129361
51836 54585
114185 129361
28931 108187
37368 36400
44130 34148
44595 45442
29269 50192
49630 33159
143113 27634
12485 129361
1952 64734
28720 30435
49001 51647
33078 54119
86510 49001
32349 34148
36392 118367
114273 48687
130802 129361
49290 28943
54582 27902
45645 45442
36529 30435
53641 142314
67276 36400
124048 120474
1583 36400
29352 34148
43013 34148
28943 32352
42604 102308
45780 53570
54316 53570
46122 54585
44870 30435
49139 78518
20033 34148
42716 141048
158627 82992
24535 46200
43668 1952
129632 120474
42940 28720
45989 29260
42941 52204
28985 30435
29261 34675
115949 28985
19992 28720
108365 118367
29783 56047
27893 48062
156100 84946
52221 48191
108319 1952
56047 50192
165664 1952
42814 78516
36402 30186
32932 36378
39386 22991
54120 29269
56456 44595
39383 39244
102670 139094
51732 28721
80034 54751
50548 56082
114697 28985
44756 37433
76900 52364
29097 34148
156768 28721
39244 34148
29266 43967
33154 30000
36604 50569
75773 118077
99375 86332
118053 17536
122428 30435
142314 38040
33100 36400
36405 43967
121624 120474
108187 84946
118869 36400
105833 29260
8864 22459
122762 108365
42074 124048
50192 54748
32509 36400
148091 129361
32352 34148
42185 29260
136142 118727
12392 129361
42943 124048
42942 54007
54152 28720
42848 30435
39581 34148
45442 141048
31755 54585
87647 6483
42624 44130
144895 49746
39532 38040
19987 30435
99728 28985
41589 33327
37406 84946
43087 27894
44171 43967
68536 6483
30442 53570
138187 84946
44378 44130
45984 48062
33041 48687
51829 54585
18704 1952
97988 129361
34143 48687
151458 89453
102605 108187
136134 29262
43967 115715
163688 39384
30440 34148
26495 53570
32386 36400
29224 53570
128085 99135
148445 138187
35373 34148
74826 29225
17392 108187
118077 75773
156447 17536
118727 36400
103466 118367
52648 102318
40530 53762
32866 3021
98548 1952
34142 28720
19116 17536
37147 29260
28942 45442
30433 32491
50030 81574
53570 54585
40161 37147
49889 99135
46905 54624
35823 56047
124631 120474
108111 81574
149120 167472
38208 39537
157231 144895
155974 27902
142691 34148
111576 17536
94380 27890
61747 34148
29711 28720
70915 167472
165078 56809
30014 32352
44416 30435
157450 28985
36359 52632
87420 36392
32665 37368
33412 54748
3021 32866
106348 36400
31193 31748
33099 27894
45181 81574
30438 49289
39150 49290
36527 31748
52204 37147
159830 128808
22501 163688
117821 1952
120127 51862
127803 36400
38622 1952
168832 81574
158837 36400
19847 34148
113601 88400
150408 83946
37785 36405
68628 70915
19586 129361
158675 36400
11317 27095
29709 134444
25102 16242
76772 27095
141972 81574
40948 43808
6157 113155
54017 53784
17352 27095
16242 25102
115238 114878
163194 115098
147704 27095
115715 134444
73275 27095
115181 101699
42628 27095
51862 22459
82498 27095
24576 27095
42249 43808
36378 53570
131087 33412
15335 21405
15547 21405
28792 48687
157439 113155
151209 33412
25677 43808
56667 27095
70698 36077
114878 116166
4784 27095
67278 27095
41818 27095
41729 36359
76107 54075
27890 56047
59156 43808
43808 97949
152696 154210
108248 43808
21650 43808
39936 90003
68618 54815
43648 43808
85424 27095
27367 27095
44130 97949
29269 36997
80469 27095
132877 114518
101699 43808
83263 73275
163325 27095
125456 44130
71126 27095
1583 164915
63846 27095
33328 31753
46522 128311
43013 43967
15456 133669
20033 44130
38346 33369
111401 27095
114097 116166
29261 48062
68393 43808
24806 27095
115098 59156
115182 124351
116166 114878
76427 29709
109901 43808
29097 28720
99375 122762
83237 37001
113155 43808
29353 134444
25265 43808
74637 112797
108187 114518
157900 72220
15612 71747
15334 27095
165683 43808
101701 59156
153461 43808
97949 43808
23456 27095
113066 101699
26189 43808
30440 29261
32386 29262
22085 43808
139473 27095
154210 158837
134444 115715
114879 114878
53570 45442
46905 28720
137524 79240
61747 46521
30014 48062
45265 45442
87420 124631
22991 134444
124351 116166
114518 132877
27095 46522
36051 38346
158837 154210
71747 27095
19847 48062
13420 27095
73275 113197
115181 114878
117431 162362
113197 113506
41983 119037
48191 28720
114983 113297
108248 52628
27414 101151
56444 74732
15456 48687
101151 27414
65081 107633
112442 88521
107633 102920
102920 72008
87789 74732
88521 112442
39150 33159
114518 82498
68986 107633
48354 33475
74732 56444
