2090
36862
24576
98303
98304
114697
110603
77836
24589
131085
131087
32784
106521
28
61469
30
155683
147494
167979
139308
28715
28716
28719
16431
28720
53296
28721
57396
32822
73787
73790
49214
4161
127041
24642
36932
36935
163913
139339
151628
98383
36943
159830
49235
118869
20566
45149
32866
49250
12392
45162
20587
20589
8306
28792
77948
45181
49279
106625
36996
36997
49289
37001
49290
49289
37002
49291
82061
28815
28816
53395
28817
65684
90262
28820
28821
28822
28823
28824
28828
8347
151708
49311
32931
32932
53413
147629
94380
86192
106674
143542
12479
114878
114879
12485
4300
102605
139473
45265
45264
45266
45265
45266
45269
159959
106715
90337
106720
102623
106721
24801
53476
151779
123110
16616
24806
37095
20712
37096
151782
114924
78060
98548
49396
147704
49398
45302
119037
69889
164098
37119
28931
143619
110849
41223
114952
41224
49420
28942
28943
102670
33041
28945
33043
33042
49427
127254
37147
53529
74017
41249
114983
114981
135461
114984
119081
33077
61747
33076
33078
86325
33078
28985
106808
45369
28985
86332
53563
53565
57661
45375
49474
53570
155974
49474
78147
33099
33099
151884
33100
33101
33102
29017
127324
74075
41321
41325
90475
135535
49519
78191
65908
123252
29047
102778
156028
65913
123259
164223
33155
33153
45442
131461
33154
115077
33157
33155
33156
33158
33159
33160
53641
119175
74124
115098
115103
41379
49575
29097
12719
143790
29108
49601
119233
156100
131526
111053
8652
98765
147922
469
139733
98778
16859
123356
49630
49630
90592
74210
45540
111075
115181
115182
33265
86510
33265
37368
37367
37369
37368
37369
53760
53762
53761
514
98819
152066
70153
123399
102920
25102
168467
123412
53782
53784
53784
107031
45595
37406
4640
29219
49699
29224
115238
66090
29225
66090
66089
33324
102957
33326
33327
33328
33329
148019
119347
33330
115254
111158
37433
53815
156215
37433
143932
37434
168515
82498
127556
33350
33351
94794
29257
29260
45645
29259
29260
29262
29261
135757
135759
45645
37454
29263
135757
29266
49744
29264
135758
49746
29267
29265
29269
29268
29269
160346
33369
107102
123486
123485
90718
37474
4707
156264
25196
33391
53872
37491
41589
41591
41590
123510
103030
45685
41589
29304
148091
29304
37499
37499
103042
33412
49800
648
70283
17043
8864
127650
12967
29352
45738
29353
33450
33449
29353
45738
119468
33452
29356
41646
4784
29359
25265
29362
78514
98994
98993
29362
78516
29363
152241
29365
29364
78518
78518
29366
78517
29367
33465
33464
119479
107194
29369
33465
45754
33473
33475
103110
17096
33479
66252
29391
119503
45777
45780
45780
82656
37598
119517
37599
49889
123620
160487
41706
41707
107244
45807
21230
45807
54007
103160
45818
37630
41728
41727
111360
54017
160512
41729
107266
54019
54019
152323
41732
45829
54024
54025
21257
70414
107281
135961
99096
37657
37658
70428
86812
21276
49950
37660
168734
156447
99106
41767
111401
66346
13102
13111
127803
54075
99135
123716
123715
123720
17224
123722
86858
123721
123724
103248
54098
115540
21332
136023
152408
41818
78684
54119
54120
54119
54120
70507
50030
111472
111474
9076
9079
131957
29560
9081
136061
168832
54153
54152
29575
54151
54152
103304
54153
54154
74637
136082
152472
37785
136094
21403
45981
54172
21405
45981
152477
37793
45984
37793
115617
17316
82851
45989
78759
148392
78760
45991
78760
99244
86955
144305
164793
54200
164796
119743
136134
17349
33734
17352
148422
13259
168907
136142
111568
29652
62420
111576
168921
148445
119776
37855
50151
78822
50153
50154
41962
74732
17392
99313
41971
29683
46069
82940
41983
115715
95236
29703
132106
29704
29705
29703
29704
29705
50187
29709
29710
50191
29711
29709
50192
29710
50191
29712
33813
78870
25621
33814
107544
46106
78875
168992
62497
29727
42018
29728
29729
99365
54310
46122
70698
148518
103466
46123
46122
123948
46123
54316
13357
99375
82992
50227
164915
70716
54338
132161
74826
25674
91210
25677
25678
103503
128085
136274
29783
29784
29783
37977
42074
29785
29786
37978
1119
156768
42084
50278
70759
50282
99436
13420
42095
42096
107633
140402
17525
46200
169082
17526
29815
152694
46200
152696
17536
103551
115841
136324
111747
46221
46221
38033
74895
124048
21650
38033
38040
38039
115866
21657
25755
103583
33953
25762
107681
29864
33968
9394
148663
9405
46269
46272
5312
9410
120004
83141
42181
42185
115914
54477
42187
165066
62668
42189
87246
46288
165078
99537
144593
54485
152793
140504
156889
46301
148704
95453
54497
54499
54500
17636
38117
144617
115944
74984
83181
115949
38125
62709
17657
128251
165117
34049
124160
70915
120063
34048
34051
120064
120066
120065
29955
34052
42249
42249
103692
54539
42254
103693
115984
95506
115986
9495
156959
99610
156959
38175
95523
83237
29994
29996
30000
9520
9519
50480
30000
124210
165172
54582
111925
54582
54585
128311
54583
54585
54586
116027
54590
30013
38208
30014
120127
54590
83263
152893
116031
38208
46401
38212
46402
21826
46403
46406
116042
136522
111954
111953
132439
13655
5466
66903
34142
34140
54624
34142
34143
34146
9568
54624
34148
54628
152935
54630
13676
9581
50546
79218
50544
50545
50548
116081
87420
50565
50569
79240
99722
50569
120201
95629
99728
50578
13715
144785
120218
34201
62875
87449
58779
38300
66973
124320
116129
38307
38308
157090
120236
95662
71083
120238
107952
66995
26038
46521
46520
46522
34233
124351
107965
34239
30148
116166
38346
128456
116169
95691
87501
95696
95695
17873
71126
120281
54748
50653
54751
136671
46566
54758
83429
46566
26088
30186
30185
30186
30190
71156
71157
30201
46587
62971
46589
103934
144895
34308
22019
136706
67081
116229
149005
128530
30233
140828
116254
54815
46624
116258
157217
63011
116266
157231
132649
103980
103979
103982
157231
1583
153136
153134
103984
103985
75315
83507
120380
165444
58946
87621
22085
42567
108111
26189
116307
9815
30295
136794
87647
104032
128619
34409
42604
18027
18029
46705
18031
46703
46704
116346
34425
75386
165500
34426
46717
165503
140928
42624
149120
5760
42628
116356
75398
54919
71307
124559
120466
42645
120468
22166
120474
108187
22178
100005
30377
95916
140970
34483
132803
104137
112325
67276
91849
67278
108238
46797
83667
54996
124631
128727
34522
108248
22233
42716
34525
100060
42716
38622
30429
30433
71391
128738
149219
30433
30434
30435
30436
30438
30439
30440
55016
30442
153323
30441
30443
153326
5867
87789
149231
161526
141048
132859
46842
157439
30467
42760
157450
75528
42759
132877
5901
165645
59156
38678
50965
108319
42783
165664
108321
141091
14118
128808
59176
108331
165683
100151
46905
132924
112442
5948
112443
116539
42814
67393
42814
124740
100161
149319
137038
108365
83791
14160
22352
112467
26452
42837
34648
42848
38750
120673
46952
46955
1902
34675
34673
153461
34676
34677
26492
153468
51067
26491
26492
26493
83838
87934
26495
26494
124800
108416
55175
79751
133004
153488
124818
1941
112538
124825
1952
51106
51108
133025
128933
6062
1966
79794
92084
34741
128953
30649
128954
42940
22459
42941
42942
34748
42940
42943
42941
26558
34753
153542
161739
133072
34771
42966
116693
42966
67543
104410
128992
42977
38881
104417
22501
83946
104426
42985
34795
14321
47092
120827
75773
112640
124928
43010
129025
43013
43013
133128
133131
6157
59404
88082
165909
79898
120857
129051
51227
137241
10268
51228
51229
120861
26654
10274
63523
133158
124990
153668
71747
141377
104518
108615
88135
157771
30791
125006
43087
43086
30798
137300
30802
18518
47196
47197
14429
120925
59488
22626
153700
129121
26732
153706
47215
116850
22643
145528
22647
47225
22650
84089
88190
112763
125057
55429
34951
34951
161934
39056
157843
88216
88220
112797
116891
6303
80034
129185
30883
51363
137395
18609
18617
149692
133308
112834
112833
133319
157900
2255
30928
104660
47320
26842
88283
26843
121053
104667
26845
149730
26847
149727
26849
26854
84196
26854
39144
39149
39148
26863
39150
76015
149745
26867
47360
47361
141578
2312
18704
125199
59675
76060
35100
35103
22817
35104
55584
35105
157992
125221
22822
108838
117035
14634
112937
10540
112944
51507
137524
26947
137543
39237
51527
72008
76107
104782
39244
129361
88400
39246
63825
108880
88400
149843
72021
6483
22873
35165
43358
63846
22887
51560
153962
121202
27002
76157
27004
18819
31126
125333
113045
31128
137625
39325
72095
35232
166307
35233
117156
35235
39334
51622
113066
35242
113065
14769
145842
125365
55736
51647
158144
129469
27071
68034
18884
43461
88521
22991
158160
166350
39378
39381
39383
47574
92629
39384
27095
31191
47575
39386
31193
39385
31194
72156
35295
141790
68068
47595
117228
72186
35321
35322
141820
129532
129533
113155
51720
80392
51720
64011
43535
125456
51732
59924
117271
72220
100894
133669
150055
18983
23079
80426
35373
113197
68142
35373
109106
105012
51766
39476
39477
51766
19004
162362
166463
51774
137798
59976
117329
125522
80469
76373
19036
150113
154210
129632
39529
39532
14957
141935
39537
39537
51829
31348
133751
51829
51836
51835
51836
166529
43648
19073
47746
88710
76427
27278
146061
113297
43668
141972
51862
43672
39581
96928
154276
6818
6822
84646
23207
47785
19116
154286
23221
117431
80570
72384
158404
166599
146117
19148
129741
137949
117471
117480
27367
166632
113385
47852
47853
23277
56047
97009
166647
31484
31485
31486
31487
137981
47873
31488
47874
2819
129796
113421
56082
113426
6928
72465
121624
27414
138014
35611
6939
43805
101151
43806
43808
47903
47904
43808
101153
60194
101156
68392
68393
80687
56108
129837
52016
47928
2872
138045
47942
19270
39754
158542
166734
64344
72537
105303
113497
19294
113501
43875
43874
113505
113506
43875
105318
121715
150395
56191
39809
39809
39814
52103
39814
150408
80784
80787
105364
23456
52128
158628
158627
88999
7082
64430
150446
121778
64439
48056
68536
72634
35771
48062
48061
43967
113601
52159
43967
19396
101319
138187
101320
23497
43977
101321
84939
3021
84942
60366
158675
84946
130000
101330
125905
52183
52185
84964
15331
15333
76772
15334
130022
142314
15335
52204
125931
142314
93166
35823
52205
35825
27634
72690
35825
101368
97271
113657
52221
130046
64511
52221
39936
142334
31748
31749
31753
31754
31755
68618
31755
150540
64527
68628
121876
68627
15383
150555
72738
138276
35875
109607
44081
158769
19506
44082
48181
11317
27703
27704
130106
117821
64573
48191
23618
44096
64576
48194
44098
105544
113738
31822
48210
48210
72789
113752
52313
76894
76897
76893
76896
15455
15456
44130
44130
76900
31845
31846
121962
7281
158837
117875
40056
11385
56444
121979
93308
121981
44159
19586
134276
126086
56456
150661
56456
40073
44171
52364
52366
52367
44175
101521
44177
89234
89237
7319
89241
89248
31909
158888
146601
11431
162985
3241
11433
15530
158889
15532
56499
15539
117945
15547
44228
11461
101573
113861
117963
31950
36051
36052
122074
56540
64734
77023
113885
40161
40161
97508
48354
72936
85227
36077
44268
44269
36078
130285
27888
27891
142582
27890
7410
134390
27894
27893
27893
27896
27894
27895
93431
27896
27898
27902
15612
27902
7423
31999
101635
126218
142604
52494
23825
113942
23832
150812
113947
40224
118052
167201
118053
52518
134444
68918
130360
126264
146742
118077
64830
36159
89410
105793
101699
101700
52550
101701
97603
167240
138572
109901
122190
52561
167249
52562
7510
32087
163157
44378
56667
44378
44379
101723
101726
142691
56678
32101
56678
105833
32105
44394
44396
89453
93554
134515
73077
163194
97655
68986
44416
44415
19847
109969
134541
36240
89487
36241
52628
155029
52632
101783
40345
52633
126366
126370
28066
97700
138660
32164
52648
19889
32176
85424
114097
40369
134578
85430
118201
118204
138687
23998
44479
155075
159172
130500
56773
114121
85450
110029
134605
85459
146911
105951
122343
48612
69093
56809
7656
163311
36337
163315
163322
118262
36346
163325
44544
114173
36359
36359
114185
32267
40462
60944
19987
19987
155154
159253
19992
19992
36378
89626
122393
15898
36381
32288
81442
130594
40483
114211
36392
36400
48687
167472
36402
44595
44594
40501
44595
36405
48693
15927
40504
65081
73275
122428
20033
20033
142919
52806
130629
24141
48718
48719
40530
48720
40529
40530
134740
44632
65112
89687
48732
52827
81500
118367
32349
32348
48732
32349
32352
48734
32351
20063
32353
20064
32352
114273
114273
118374
89702
44649
97898
118379
15983
15983
126579
40568
65144
20090
28285
142975
106114
32386
32388
151180
163469
102030
40596
126615
106140
143002
114332
97949
20126
167584
102050
85670
110246
151209
81574
122537
36526
36527
36529
36530
61110
122549
36538
130746
40640
52929
40641
7874
97988
24261
61132
147151
89807
44756
44756
81624
52954
147161
69344
98015
20193
36575
40673
24291
89832
32490
151271
122601
32491
130802
85752
36604
32509
155387
122622
48896
48897
143113
44807
151309
7949
16141
102160
24335
36624
81681
118556
81695
20257
24354
110373
48935
93993
53045
28469
53045
53048
53046
98104
44870
114501
8005
44870
118600
85835
118602
122702
53071
163662
16209
139094
57170
118610
28502
114518
28503
28508
3934
28516
49001
73575
163688
143211
106348
143210
155501
16242
126835
98163
32637
61316
143234
163720
143237
122762
3983
3983
90003
102292
32665
77723
49050
36763
36764
81822
151458
102308
16292
16292
16295
130986
8105
36779
118700
135081
102318
53166
36782
49073
126905
126905
135100
106437
16325
12229
77768
118727
147404
81869
24535
122840
24535
122841
90076
53215
69600
131041
110564
110566
110567
77801
151529
49139
40948
36851
49139
36854
36852
159733
36853
36854
28663
98299
2764
24141 47942
105793 107952
10268 50965
46401 43967
72634 107952
40504 39378
35232 158889
83838 27703
106720 43808
41646 28985
121979 119479
36854 29263
95696 148422
43874 30148
105303 43808
30798 39334
114981 101321
34201 113385
32351 29728
33350 30928
101330 29709
46566 49398
29652 51560
33324 45540
71083 21403
31484 29728
49050 57661
5901 142334
13655 66903
143211 64573
75398 66903
29366 48897
32105 36764
50565 29263
47942 122549
47853 141820
88400 45149
41706 43805
119776 53784
121981 120238
45540 33102
27071 27004
22650 64430
57170 27278
149843 107194
30185 53166
115617 107266
47225 39537
54172 29367
35875 27004
29709 48718
153668 27002
81869 16292
117875 44130
81500 119503
43461 52016
115841 103985
47574 29263
123716 115841
123722 113385
52313 107952
118204 153542
26452 43967
4161 52366
49073 120861
36241 42254
103979 119175
126370 53166
155075 29728
90475 119503
53815 61469
48061 45777
49420 120236
24291 107952
124210 43967
29364 46589
143210 64573
106808 107952
33153 39378
33465 64430
107681 17636
103982 103503
20566 119503
141820 53760
34048 35321
38308 45540
7410 107952
139733 52159
75528 40345
5312 132649
107031 83507
66089 19992
9410 52128
42254 53565
28945 48897
64439 28715
122622 39378
56678 31488
33155 53215
102292 155029
33734 120925
154286 41707
77948 107952
86955 35100
129533 120238
54151 29263
30295 46123
36337 20090
29304 46402
76015 28503
105544 54025
40345 55429
98303 98299
27896 29263
149745 129185
111360 118204
39814 41971
45369 29263
16209 31485
97271 136274
153706 166734
36862 136023
132924 107266
34648 64573
130022 43808
20063 88082
39476 39385
6822 107952
54025 45738
45302 42759
108416 121876
49214 64573
35165 46624
113942 47360
40483 46842
27703 36852
78517 31128
71156 112937
57661 42084
31486 29257
107281 34426
29728 25621
44479 2312
44807 46624
29264 45540
48612 29575
72936 119503
72156 20064
117963 42716
29362 29728
53760 28945
54590 37368
37119 33153
115984 29652
26494 49398
29575 88400
101156 113385
53782 53784
31845 27004
46955 42181
68392 115866
27894 44415
43010 39334
51527 76894
105012 93993
95453 102030
91849 114173
107544 17316
74210 132924
143237 107244
46200 27004
35100 54585
129741 20033
27002 46842
76373 98994
35104 40345
33953 29263
165172 107952
34426 20126
62420 101783
125333 121876
39381 49630
41732 56456
13715 115866
135758 53045
70507 107952
153962 25621
29219 54500
114952 166734
45807 46402
38881 104667
101153 103692
30000 50278
112833 50965
28820 53166
143932 141820
42249 43808
38117 49398
46403 28719
54500 135758
147161 43358
36851 30148
47092 34201
111075 120861
54628 45265
44379 27894
65908 149231
31485 32352
129532 103692
168921 107952
103110 115841
51228 20589
116891 158404
29363 19992
45981 54583
29710 54583
61110 46624
14321 113045
53476 30791
19270 2255
32388 45540
120673 20090
120004 107952
29260 28816
29259 36851
29047 30928
46797 50278
104660 19992
38039 27896
46587 46520
128530 107952
125905 115866
24801 20033
129185 68627
134605 107952
120236 103503
110564 103985
109106 21332
28822 54583
150446 53166
123399 102030
168992 168907
159959 107952
33326 65684
132803 118052
74124 155075
122074 120238
100161 95691
9405 142334
110373 102623
17525 27894
26492 48718
116693 44396
40568 50227
155029 1119
53166 26843
103934 120238
32348 135758
150555 107952
51229 32348
47595 29728
130746 43967
76060 17636
22873 52827
53071 119503
50187 34201
43806 29728
48718 45540
15383 88082
125221 41706
78870 107952
30186 48718
160487 49279
47197 29263
15983 50545
46717 19992
48732 50545
31194 49398
6818 62971
52954 48897
40056 29259
120925 103503
116027 43808
100005 151708
34951 45540
146911 48897
6939 88220
45375 27703
54024 27902
39809 48719
37367 40504
137395 126370
153468 89687
116129 119503
26854 30928
17873 52183
39378 46717
50480 70283
7656 64573
30190 119503
137981 37095
29712 31488
165645 42716
46520 53166
153136 64430
115540 27004
113657 129185
80392 115984
112944 95691
30928 40529
43358 18609
69600 107952
117329 129533
23207 126370
157992 64430
150395 43808
121778 116539
48693 53784
106521 43808
81442 46624
43875 130629
34677 37095
36853 45540
648 119503
109607 103551
59976 101783
36943 50965
137798 136023
4707 100151
27278 102030
115866 126264
28719 26842
18609 43358
121202 107952
104417 114273
127254 119503
62971 6818
48720 29263
165066 166734
116356 107952
33329 135759
29705 39378
33101 29575
9081 34048
161526 87246
122601 51560
63011 17349
30377 103503
17316 81822
53046 39537
67543 114273
116539 104518
116169 43808
118052 51560
103980 103985
20712 107952
8105 26842
33265 32352
44082 34201
54119 135758
159172 40568
101320 133004
54624 49398
117271 76373
28715 64439
83429 49250
119517 87934
54153 19992
36782 113385
41971 27902
103583 123399
31822 34409
105364 83838
82851 50545
116081 142334
28516 23221
46952 30441
41224 46624
129837 48210
44396 113942
47320 44396
118379 57661
117228 116539
86812 44594
43808 22643
132649 5312
95691 103030
37855 34201
6062 107952
30802 103692
55584 101783
52562 45777
114173 29391
46221 29263
41379 116042
48210 30233
137241 45777
78760 58946
14118 19992
113947 115841
54583 45777
50191 50278
47904 39378
49427 27278
34409 57661
36530 32352
97009 107952
27888 39378
29391 39754
80784 73790
146061 89487
140402 119503
32101 46624
54539 6939
149319 49744
37599 29263
116258 43808
98778 99313
21257 88082
37491 44415
13357 127041
130106 123510
46842 50278
99244 64573
125006 30148
104518 116539
89410 168467
107952 87246
142975 31485
24335 120238
167240 113885
111747 103985
87449 50191
39325 37095
56108 107281
43977 136023
54200 42759
26493 30148
74895 103692
37433 26842
107102 102957
66090 29704
130629 55016
25621 29728
53784 54583
117471 46403
52806 29263
106140 39378
26038 50965
149219 101783
126615 129741
33473 120925
66903 124825
46288 110373
7510 133128
115986 51560
22166 43808
51836 54585
43672 88400
48935 34201
18983 35105
50578 34748
28716 33329
51227 53760
72690 153468
25762 52016
24354 20090
37368 31484
104667 45807
73790 168992
44130 39334
85430 120857
30429 151708
44595 35373
29269 43967
29683 50545
93431 53166
42966 44415
126905 45540
144593 102030
49630 46703
152477 29728
40224 167979
26491 40345
27898 39378
101573 43808
113501 119479
60366 46624
52518 34201
111954 43808
29864 103503
60194 9076
116254 20033
103693 103985
11461 123399
34239 42759
150812 40483
31846 29728
33078 54119
60944 107952
32349 39334
132859 53784
114273 44415
123720 110564
64576 54098
138045 109106
133004 103985
151628 44130
61316 123716
140928 64573
17657 45540
29704 45540
2872 107952
57396 45807
42189 65684
20587 64430
131041 123724
54582 54497
35233 30148
36052 43967
37499 47942
45991 54585
36240 29263
30201 123259
95695 107266
41321 37095
83791 24261
148019 14321
3983 50545
27902 135758
36575 47361
45645 29263
18617 25621
75386 26493
28508 105544
72186 31485
64830 43875
47575 29263
19036 114273
9581 42716
24589 19396
33968 46624
107244 135081
43805 131085
112325 42567
143790 95696
111158 118204
31999 29391
42985 107952
70414 52562
39754 29391
42181 46955
50278 120861
89241 39385
49279 20589
38033 29575
36932 35233
143619 14321
156264 136023
43013 43967
33479 113045
157090 33350
49396 19992
53563 41707
48056 43808
149231 158889
158404 43808
45780 27902
72384 49073
28816 48897
155501 107952
123724 30201
106114 166734
15927 76060
123721 103985
53215 46402
28502 44096
143234 64573
116266 29728
56191 101783
119503 107266
46122 54585
44870 26842
42977 168467
49139 78518
20033 48897
105951 43808
118556 103692
42716 41706
86858 103692
81822 28716
53413 64573
120861 85430
29815 44130
95629 109607
40641 167240
165909 50965
33102 45807
102957 21332
24535 46200
44096 54585
7319 107952
47785 40504
49235 41971
19073 49398
18029 29728
125199 72738
23079 120238
42940 48897
78875 146911
33351 135759
89237 119503
29955 43808
62709 29263
158888 107952
112834 103985
120380 114981
42084 129185
142604 136023
151180 115984
42941 54585
23832 44130
42567 50545
18819 129025
89687 153468
131526 107952
45149 29728
87934 29728
50965 36943
88710 47225
44098 64573
24261 83791
89807 107952
50544 46589
28985 50545
15530 88082
65913 45375
78514 29353
21657 64573
150055 1119
18027 88082
6928 40568
54499 26493
54497 78514
51363 129185
39246 45777
84942 33076
45738 27895
123110 114273
19992 29263
119081 107266
54310 27902
72738 9568
46402 48210
29783 141820
44394 33076
18518 20090
156889 107952
37002 87934
119468 95691
139339 95696
148422 119503
37454 31191
51774 107952
45818 64573
52205 54583
112937 141820
53565 32352
135081 97271
27893 37433
88220 64573
111953 102160
99436 48056
47360 42181
37369 48718
47852 50278
140828 64430
52366 54583
8005 44415
46106 36854
17526 101783
9495 133128
28503 153542
52221 53166
167584 81442
71391 167979
64573 64576
99365 29652
37793 53166
42814 58946
136274 132161
147404 119503
102160 101783
34140 46402
165503 155683
54120 29269
44177 30928
45162 64573
56456 44595
43535 39754
168467 32637
106625 83507
50653 48718
119175 103985
30233 47225
144785 27278
53045 49279
45685 28719
46069 46402
33158 30148
55429 40345
141790 88082
30434 26842
108880 88082
30 120238
107266 116539
5948 28985
44756 37433
152893 145528
33156 38208
25678 43967
27704 114273
14429 64573
136522 119503
23221 29728
39537 75386
113497 129533
113505 113501
127650 103985
39056 53565
28066 27278
133158 46587
108238 136023
16292 54500
71157 98299
15455 107244
133751 107952
30883 35232
102778 119503
110849 43808
106715 158404
29996 35100
29353 27894
29367 50545
89487 108416
17349 63011
30791 53166
16431 20589
119233 165909
26847 42187
58946 88082
121876 116539
28663 119175
102623 103985
123259 28663
41767 49398
65684 27004
3241 119503
134515 107952
113861 47360
16141 23277
142314 26842
133025 142975
100151 119503
28823 27894
68627 118379
22643 43808
139308 128933
46703 29728
49398 54624
116031 103692
7281 41706
50569 45777
101321 101320
128954 43967
124320 132161
45777 54583
153700 147404
82061 98303
30148 38117
39385 35105
152694 167979
54019 47942
116042 83507
120066 103985
5867 107952
51507 54019
50227 30233
32822 42759
24642 107281
21230 20090
26654 166734
28 50653
27004 27898
133308 126264
49289 31194
12229 33102
51560 122393
158542 36943
158889 45540
48896 50227
111568 47360
92084 101783
83507 136706
114211 110373
47746 34409
35825 29263
26558 107952
166734 107965
34795 107952
47196 53166
25196 131526
145528 126264
103551 119503
32352 31488
73077 73787
70759 137949
76896 54586
19506 95453
70283 118379
87246 107952
116229 129121
118374 29728
151782 119503
118600 15530
46589 29263
28821 33350
44175 43967
31487 37095
26843 46221
156028 57661
36381 30928
45264 53784
117156 28716
29727 151708
54152 19992
72465 168467
152241 119503
123485 75398
68142 14160
86192 43808
137625 40345
140970 119503
12719 107952
100894 38039
33391 27004
31755 54585
150661 44415
132161 44130
54338 54583
130285 166734
14160 29257
76894 76896
78147 19992
46269 34201
37660 35321
26732 43967
22233 50480
35321 88082
130500 107952
19987 29263
29729 39334
32931 29575
37658 20033
7423 86955
37434 54585
33042 32352
110566 103985
136082 62971
103503 103692
41589 29703
106674 151708
32784 40568
27895 29728
89626 102292
21826 111953
41962 54153
101726 107244
99537 133128
36159 133128
32637 168467
22352 1119
163311 76373
141935 17636
49291 32351
34753 18029
54585 53166
48719 48897
9079 115984
46704 27894
30441 43805
142919 64573
28817 44415
111474 120238
44378 44130
50545 50278
29268 32348
44594 43967
166647 73077
34676 45777
62668 20033
469 115984
98299 115617
42759 46624
148704 120861
153542 1119
10540 107952
22626 88082
168907 168992
51829 54585
31348 114273
126264 51560
37096 129025
158628 102030
95916 39246
81681 23221
52016 46842
31191 44415
31950 29263
148392 151708
55016 130629
19148 109106
76893 76896
40529 36240
34748 50578
42837 39334
43967 39334
51766 49398
98993 117228
49250 46403
119479 103030
31488 54585
103985 120466
90592 107952
120238 103934
166307 21257
35611 54628
35771 76896
47215 34201
26842 28503
167979 50545
124559 44130
51720 135759
136706 83507
17636 84939
133319 119503
53761 158404
120065 95691
113065 43808
120063 103985
99722 50965
35373 26843
3934 14957
143542 65908
79898 42716
35105 29219
23497 25621
25674 51228
157217 28985
48897 35233
40530 40345
136794 43808
149005 107952
54154 49744
41707 53563
110246 103985
117945 42716
34142 29728
64430 153136
75315 97603
110603 120238
40073 54025
163662 64430
118201 166734
92629 111075
156959 50545
158160 76894
129469 43461
45266 27004
46123 54583
15331 1119
115914 30148
101783 89248
38175 38033
73787 168992
32176 129741
49699 107952
153323 107952
22019 141820
126366 86192
33330 28503
36996 33076
30433 49398
28824 27894
123510 23221
118700 107952
166350 112833
9568 72738
120201 20090
124825 163662
154276 41707
40161 26842
152935 101783
30013 50545
134541 83507
112467 102030
9076 24801
123715 103985
111472 103692
130986 101783
50282 45738
52183 19992
151708 29263
38208 39537
15532 62971
31128 135759
34741 46624
22647 72384
157231 75386
29369 151708
96928 107952
18031 29257
78518 51106
164796 136023
61132 42187
141377 121876
29257 29353
34483 29391
33814 27004
98819 43808
29785 54583
42783 103692
122549 47942
104032 29864
41727 40483
21403 29257
35235 48897
98994 72936
88082 107281
8306 25621
52128 29652
137949 119503
1119 153542
44159 45777
128933 115984
147151 119503
89248 101783
121962 104518
123486 88082
1941 107952
127041 13357
113385 34201
29359 45777
101723 95916
65112 95695
36359 31846
128727 107952
26849 26842
45265 35373
36624 43967
122840 103985
120218 166734
36764 113045
9394 52633
126579 136023
135757 33330
148518 30190
130594 29728
49744 151708
52159 45369
85670 23221
29703 141820
49474 36241
14957 29260
122537 166734
136023 51560
7874 136023
113738 107952
54586 135758
29263 49744
20589 29257
135461 166734
129121 64573
124160 107952
26845 166734
86325 118379
143002 64573
101635 113045
94794 107952
126086 123399
120281 58946
54630 35233
21332 102957
20064 20090
39148 31845
52827 53166
42187 27902
103692 142334
33099 27894
79794 53760
107194 149843
34673 107952
47903 31194
120857 17657
111925 98993
37978 54499
122393 29652
20090 64430
39477 87449
97603 121876
52633 54019
133128 119517
124928 64430
51106 54583
113421 29864
155683 31487
22822 40483
88216 107952
1966 89487
37095 44415
103030 120466
52367 45540
131957 29391
61469 11433
152408 107952
23277 64430
51622 120466
120466 103985
11385 123724
54098 64573
103160 126370
46624 31999
110029 106114
29560 103503
15539 88082
47361 36575
161739 20090
39334 44595
70716 107952
125931 133128
101700 43808
138572 42716
52929 135759
29356 151708
11433 34748
112443 98819
131085 30148
167201 168467
7949 43808
118602 62971
5760 43808
65144 72634
58779 129025
48194 38308
33076 52366
134578 52016
36852 29257
135759 45777
44415 48897
99313 98778
151529 30148
46401 43967
53048 42567
40504 28720
134276 17536
41646 28985
50546 49746
36854 45442
68068 107952
133072 122601
13259 49746
32351 37095
95523 107952
72220 107952
71307 36400
144617 17536
102318 102308
33813 29225
46566 30435
160346 129361
49050 120474
5901 107952
164223 129361
29366 38040
34525 36400
50565 30435
47942 28720
88400 47874
45540 38040
32267 48687
149843 116307
47225 39537
54172 34148
29709 53166
34148 144895
43461 31753
44228 133128
72021 129632
141972 138187
30467 107952
128738 36400
24291 128619
142582 107952
156215 102318
52628 48687
106808 102308
151884 101783
33465 29263
78516 35105
133131 107952
33327 37095
115103 139094
141820 34951
123948 118052
167472 50030
78684 38300
108321 1952
111053 57661
104426 129185
54017 52204
28945 29260
85227 107952
56678 31488
33155 53215
36346 53784
32491 39378
30436 54748
30295 46123
93166 101783
29304 49746
76015 120827
32288 45442
104137 107952
16242 36400
105544 53784
40345 166599
19004 47942
27896 30435
149745 68628
20257 37095
34051 54119
52561 48062
111360 101783
39814 41971
98104 62420
45369 28720
16209 28942
77723 31485
18884 51560
31753 51507
36862 76107
46521 88400
39476 29262
79751 124631
72789 48732
103248 121715
135961 36400
26863 50480
78517 29996
54748 33412
83181 38300
85450 107952
132439 40345
90337 88999
34146 44415
102050 28985
44479 129361
62875 107952
81695 107952
115715 54624
165500 1952
29362 34148
6483 84946
37630 107952
29784 48687
54590 37368
51647 81574
115984 76107
22178 44130
51862 138187
26494 43087
29575 45442
53782 36400
27894 44415
29267 27895
101368 107952
51527 144895
114924 102318
53395 21332
64344 147629
87501 107952
16859 1952
46200 32491
31754 34677
35100 32665
49575 115984
38307 29263
88190 107952
121715 28721
33953 30435
50154 31488
38678 44269
17043 107952
62420 98104
47874 39381
16616 107952
39381 48191
135758 53045
130000 101783
124800 118379
70507 129632
153962 1952
45807 46402
33159 13259
30000 27902
112833 51862
50153 50545
143932 28792
34675 53166
97508 49398
46403 40345
117431 102318
36378 54007
36851 31488
129361 15927
124818 22887
54075 107952
31485 32352
131087 34148
128251 107952
29363 19992
33077 28720
45981 54583
29710 50192
17536 51560
28792 31748
120004 102308
29260 28816
29259 34051
157439 133128
29047 19992
89832 50546
128530 81574
125905 6483
118367 108365
129185 81574
127324 48062
90262 121202
39144 36378
33157 47225
85835 107952
54751 49235
109106 81574
150446 28720
45269 54585
33464 54583
49746 30435
122841 50480
132106 28822
122702 107952
35322 29263
115254 167472
9520 120474
132803 99135
42095 44870
9405 107952
137038 102318
40640 46403
162362 76107
28828 43087
125365 128530
165444 53215
26492 31488
40568 33450
53166 54751
31749 46122
19889 115866
23998 89453
32348 31748
47595 28720
130746 34148
162985 68628
88283 101783
84964 163322
30186 45442
47197 36400
15983 50545
46717 19992
48732 50545
52954 28985
40056 34148
117035 128085
100005 32352
34951 45540
146911 45442
39237 30435
168734 50480
45375 15983
54024 27902
70428 107952
39809 30186
137395 90337
29225 43087
26854 45540
137981 28720
39384 107952
153136 53215
115540 56082
83667 26493
113657 138187
34771 107952
80392 118053
27634 129361
55736 1952
128619 130046
48693 34675
99096 54758
163315 107952
9815 107952
74075 107952
53296 37147
48191 39809
34677 30435
36853 48687
31126 48062
164793 95506
158769 133128
36943 81574
33452 28503
54758 118374
26947 107952
115866 102670
76107 36392
82940 107952
49800 136023
78759 53784
29994 48062
56540 148091
104417 114273
45754 107952
12967 129361
27890 29260
48720 31748
47873 47361
33329 48191
29705 39378
161526 118367
161934 101783
59488 115984
38300 39384
48062 39334
17316 45442
53046 39537
42096 45264
130360 84964
116307 50480
33265 32352
54119 135758
122343 1952
108615 125365
16325 29263
19294 107952
37474 129361
54624 49398
128808 107952
34425 48062
28715 77768
119517 16292
54153 19992
76897 19992
84946 138187
32353 45777
41971 27902
117480 115984
166599 40345
116081 102318
46952 28985
91210 30443
163322 48687
33450 19992
129051 107952
34522 35823
40501 45777
46221 29263
69344 133128
41379 29709
123620 39384
48210 48191
78760 58946
90718 129361
39149 40501
50191 43087
66346 70283
36530 32352
7082 107952
27888 28792
82992 107952
29365 37433
152696 40345
129796 107952
37599 28720
136094 36400
135100 49746
21276 107952
98383 68536
41728 46952
52364 45780
46842 31488
106437 84946
139094 50480
49519 120474
54815 68618
68618 1952
59176 34148
87449 50192
4300 98548
32087 141820
43977 6483
31748 37977
160512 101783
67393 26847
26493 34148
37433 29263
66090 29704
53784 56082
117471 50192
131461 41707
33160 49398
26038 81574
33369 54748
128311 34148
66903 29261
30439 39381
47928 129361
115986 17536
51836 54585
43672 88400
114185 129361
41325 37095
51227 34051
28931 108187
37368 36400
45595 51560
44130 34148
44595 45442
29269 50192
29262 151529
11431 1952
42966 44415
126905 45540
48181 136023
49630 33159
29265 118374
143113 27634
13111 107952
12485 129361
26491 48687
1952 64734
28720 30435
49001 51647
4640 107952
29108 133128
125057 39384
31846 43087
33078 54119
86510 49001
32349 34148
36392 118367
54919 129361
114273 48687
169082 35100
67081 133128
130802 129361
138045 76107
49290 28943
85459 107952
29704 45540
42189 38040
54582 27902
109969 101783
36052 43967
37499 47942
45991 54585
41321 31748
3983 50545
8347 101783
27902 135758
45645 45442
105318 120004
38125 129361
34049 29363
36529 30435
120827 102160
72186 128738
53641 142314
44269 47942
67276 36400
124048 120474
1583 36400
78822 133128
97700 51560
29352 34148
38033 29575
104782 53215
56082 44415
156264 133072
43013 34148
150540 29263
33479 101783
38040 45540
49396 43087
93308 49050
28943 32352
42604 102308
45780 53570
137543 107952
93554 39384
28816 30435
49950 51507
90003 58946
15927 129361
52632 52633
53215 53570
10274 101783
95506 151180
54316 53570
46122 54585
44870 30435
49139 78518
20033 34148
149727 116850
42716 141048
158627 82992
120861 31485
165909 138187
24535 46200
44096 54585
49235 136324
43668 1952
129632 120474
42940 28720
45989 29260
46301 53166
62709 40462
158888 139094
142604 17536
151180 76107
31909 1952
42941 52204
23832 44130
43086 29263
131526 85459
50965 138187
44098 49398
50544 34148
28985 30435
29261 34675
78514 34148
115949 28985
51067 107952
120474 50480
45738 27895
19992 28720
108365 118367
25755 45540
54310 56047
46402 48210
29783 56047
44394 53296
141048 133128
44649 101783
156889 103466
95662 107952
27891 29263
53565 32352
27893 48062
99436 40345
68918 107952
85752 10268
46106 36854
156100 84946
28503 128311
52221 48191
152793 50545
108319 1952
56047 50192
37793 53166
165664 1952
42814 78516
48687 37599
36402 30186
32932 36378
39386 22991
81574 107952
54120 29269
44177 37147
56456 44595
53762 17316
50653 48687
39383 39244
83946 41707
53045 49279
102670 139094
51732 28721
33158 50545
80034 54751
134390 133128
50548 56082
30434 39334
114697 28985
153326 107952
12479 107952
42760 107952
5948 28985
33043 39378
44756 37433
152893 108365
76900 52364
33156 30436
29097 34148
156768 28721
39244 34148
36935 45540
29266 43967
33154 30000
39537 75386
36604 50569
153488 45540
75773 118077
16292 54500
99375 86332
118053 17536
122428 30435
37977 43461
26847 34148
58946 34052
163469 29652
55175 115866
141578 107952
41767 56082
118610 31488
134515 167472
142314 38040
133025 155974
33100 36400
36405 43967
49398 54624
168515 50480
34052 58946
50569 45777
121624 120474
45777 53570
108187 84946
118869 36400
105833 29260
54019 47942
146117 51560
8864 22459
51507 54751
122762 108365
42074 124048
49289 31194
51560 133072
74984 107952
128953 101783
130046 107952
77801 129361
22459 50965
50192 54748
47746 81574
35825 29263
26558 167472
34795 125365
119743 107952
145528 85459
32509 36400
148091 129361
32352 34148
66252 107952
42185 29260
54477 141820
136324 44415
68034 101783
70283 162362
87246 117035
136142 118727
118374 49398
12392 129361
118600 36400
46589 52561
44175 43967
42943 124048
156028 115254
42942 54007
45264 48062
29727 54477
80687 126264
54152 28720
42848 30435
39581 34148
45442 141048
12719 108187
124740 107952
31755 54585
150661 48062
87647 6483
41591 33329
52550 107952
42624 44130
144895 49746
146742 40345
39532 38040
19987 30435
77768 120004
99728 28985
33042 32352
157771 107952
165117 107952
36077 29575
41589 33327
106674 29367
37406 84946
43087 27894
27895 30435
41962 54153
44171 43967
37657 29263
163311 101783
49291 45984
36078 54583
54585 53166
68536 6483
30442 53570
138187 84946
44378 44130
50545 49746
45984 48062
29268 31748
44594 43967
88135 133128
33041 48687
150113 129185
149730 29263
469 162362
51829 54585
18704 1952
97988 129361
163157 28721
34143 48687
46406 40345
31950 54477
151458 89453
55016 32352
76893 38678
102605 108187
136134 29262
43967 115715
163688 39384
51766 49398
30440 34148
115077 41707
31488 54585
26495 53570
28721 44415
148663 68627
36997 28824
32386 36400
38212 41321
56809 101783
17096 107952
29224 53570
36526 116850
128085 99135
6303 107952
99722 138187
62497 107952
148445 138187
35373 34148
74826 29225
17392 108187
30435 29363
118077 75773
156447 17536
118727 36400
114332 115984
23497 56082
103466 118367
157217 28985
2312 129361
52648 102318
40530 53762
149005 81574
32866 3021
98548 1952
53529 115866
34142 28720
30443 87449
121053 115984
138660 133128
59404 32509
34308 101783
19116 17536
156959 50545
158160 33077
166632 107952
129469 50154
45266 27004
46123 54583
36538 107952
76157 107952
115914 76893
101783 20193
32176 1952
49699 139094
50151 107952
37147 29260
102308 120004
36996 90337
28942 45442
30433 32491
28824 28720
70153 107952
14769 107952
127556 107952
166350 120474
50030 81574
53570 54585
40161 37147
136671 107952
49889 99135
30013 48062
46905 54624
35823 56047
124631 120474
108111 81574
50282 45738
149120 167472
164915 47196
13102 107952
38208 39537
33449 47942
157231 144895
29369 28720
99135 136023
22817 157217
78518 51106
123412 31485
123356 29652
61132 29225
155974 27902
122190 31485
77023 133128
142691 34148
134740 107952
72095 31485
111576 17536
72537 107952
88999 41707
94380 27890
41727 40161
89453 119233
21403 32932
61747 34148
52128 17536
29711 28720
70915 167472
28285 50545
63825 107952
165078 56809
36400 112763
90076 165444
30014 32352
44416 30435
32164 129361
157450 28985
1941 52561
101521 44415
36359 52632
66973 107952
87420 36392
69093 133128
135757 54310
44544 107952
49744 54624
166529 37095
52159 36405
29703 141820
32665 37368
33412 54748
108838 112833
49474 36241
14957 29260
136023 85459
42018 107952
138014 101783
20589 32665
44081 107952
124160 114332
3021 32866
86325 139094
101635 107952
106348 36400
22991 39334
86332 107952
52827 45442
31193 31748
33099 27894
54007 42189
159733 107952
20193 101783
2819 133128
45181 81574
120857 48687
30438 49289
39150 49290
40462 29263
69889 50965
114518 68627
36527 31748
52204 37147
52633 54019
22887 38300
59675 101783
13676 107952
159830 128808
51835 52366
37095 28720
80570 39384
44632 107952
22501 163688
159253 107952
1902 38300
110029 129361
117821 1952
39334 44595
51108 45540
49601 49398
52929 54624
29356 45442
44268 129361
32490 36851
23618 126264
120127 51862
118602 36400
46705 29263
127803 36400
87621 107952
38622 1952
58779 139094
64527 107952
168832 81574
158837 36400
19847 34148
33076 45442
5466 107952
147629 107952
113601 88400
150408 83946
37785 36405
68628 70915
136061 141820
36852 49398
64511 107952
44415 37147
100060 36400
151529 31753
19586 129361
158675 36400
145842 44096
106720 59156
41646 51228
11317 27095
43874 132877
105303 43808
32351 64011
140504 37001
101330 29709
71083 23825
133669 36852
29366 54019
119776 53784
45540 30436
22650 7423
163913 148392
153134 121715
47225 45981
29709 134444
37001 52185
25102 16242
81500 43808
76772 27095
49073 29786
164098 36852
141972 81574
40948 43808
6157 113155
115103 107952
112797 99313
54017 53784
28945 32491
17352 27095
16242 25102
115238 114878
163194 115098
111360 99313
147704 27095
28815 86192
82656 107281
130022 43808
54025 48062
72789 27895
80787 158160
135961 28503
98163 20589
107281 74017
115715 134444
72156 21405
73275 27095
29362 30148
6483 87246
115181 101699
42628 27095
51862 22459
53782 31753
116346 72186
16859 68142
35100 141820
121715 27703
82498 27095
24576 27095
153962 29727
40369 27095
33159 120861
42249 43808
97508 30148
36378 53570
17224 27095
111075 113155
44379 151708
31485 56047
131087 33412
116891 114878
29363 49398
15335 21405
29710 54583
53476 36077
15547 21405
28792 48687
157439 113155
15898 27095
29047 35232
46797 48062
104660 64011
2255 27095
151209 33412
126218 46403
25677 43808
45269 151708
56667 27095
33326 135759
132803 17536
17525 113155
70698 36077
155029 135759
53166 25677
114878 116166
130746 43967
4784 27095
15383 16242
125221 146742
84089 27095
23825 35105
46717 29263
6818 27095
52954 30433
78060 30148
40056 33159
116027 114878
54024 56047
67278 27095
80426 41379
137395 30442
153468 27095
59924 15927
157992 23825
150395 43808
48693 53784
106521 43808
41818 27095
53296 28503
41729 36359
43875 130629
128992 37001
54758 29955
76107 54075
28719 54748
56540 133128
106721 101700
27890 56047
48720 30435
33101 31753
161526 51647
53046 53782
116169 114878
8105 39936
59156 43808
119517 59156
41971 54748
46952 49398
91210 126366
33450 40568
43808 97949
132649 133669
84196 148392
34522 32388
19396 27095
81624 27095
54583 54485
36530 29727
52185 37001
29365 49398
152696 154210
116258 43808
108248 43808
21257 116042
21650 43808
73575 88710
39936 90003
68618 54815
59176 53761
87449 48062
93993 27095
66090 49279
130629 152323
53784 54583
126615 150395
128311 70414
43648 43808
22166 52103
85424 27095
29786 37095
27367 27095
25762 117471
37368 26494
44130 97949
85430 27095
29269 36997
152066 27095
41249 27095
143113 107952
80469 27095
152477 115715
132877 114518
40224 150055
66995 76015
101573 43808
26867 27095
111954 113155
16295 21230
101699 43808
86510 99365
32349 39334
83263 73275
54919 1583
163325 27095
151628 44130
35242 93993
42189 28503
20587 27095
45991 43087
41321 56047
125456 44130
71126 27095
72186 116346
64830 43875
24589 114501
45829 29263
9519 37001
1583 164915
63846 27095
42645 93993
111158 27095
151271 40568
33328 31753
29352 34140
46522 128311
89241 35771
30649 27095
36932 54751
43013 43967
48056 59156
158404 59156
28943 29257
15927 59924
15456 133669
20033 44130
105951 59156
158627 113065
26088 47942
165909 115254
24535 29367
44096 45777
125199 123486
45989 29263
29955 45442
158888 167472
38346 33369
111401 27095
114097 116166
42941 37095
50965 51862
88710 73575
152472 52159
24261 37001
14634 27095
15530 47942
29261 48062
78514 29353
150055 45375
18027 27095
68393 43808
108365 36943
115944 37001
48734 29575
53565 29263
152323 78875
24806 27095
115098 59156
37369 31488
47852 51835
140828 84942
46106 45807
115182 124351
56047 135758
116166 114878
42814 58946
44177 39334
76427 29709
109901 43808
49311 27095
39383 30148
138276 133669
102670 42084
141790 27095
108880 27095
5948 43010
29097 28720
39244 49398
33154 54024
103042 148704
75773 107952
99375 122762
83237 37001
113155 43808
110849 43808
106715 101699
29353 134444
17349 27095
25265 43808
16431 48687
26847 53760
74637 112797
41767 45442
16141 114518
33100 44415
141091 119517
22643 59156
49398 52366
128954 43967
39529 11317
30148 90003
21405 107544
35103 135758
152694 27095
108187 114518
116042 60944
21230 27095
28 16242
51560 17536
157900 72220
15612 71747
48896 4161
32509 59404
15333 27895
112538 37001
15334 27095
165683 43808
36381 49398
166463 27095
68142 132877
86192 28815
101701 59156
100894 121715
153461 43808
97949 43808
144895 135759
26732 45442
54485 76893
146742 8306
135535 121715
37434 43967
33042 31488
136082 27095
23456 27095
32784 45442
43087 40345
89626 74017
41962 44415
22352 118600
64011 45777
34753 27095
88135 22647
113066 101699
22626 21650
95916 27095
81681 27095
63523 27095
26189 43808
79240 49073
30440 29261
31488 43967
163720 27095
35771 134444
32386 29262
51720 135759
136706 43808
113065 43808
99722 81574
17392 20126
22085 43808
118727 46952
23497 29786
28469 33153
79218 155029
136794 43808
139473 27095
75315 66995
118262 26847
154210 158837
134444 115715
15331 22647
101783 39384
114879 114878
49699 102318
8652 23277
36996 30435
123510 83237
74017 107281
9568 27095
53570 45442
49889 115984
46905 28720
50282 53570
114501 24589
137524 79240
22647 15331
113426 129185
29257 29353
98819 43808
41590 50545
126835 78517
29785 54485
88999 82851
41727 43461
61747 46521
8306 78517
52103 47361
30014 48062
123486 154210
127041 121715
101521 30148
65112 133669
26849 38346
45265 45442
87420 124631
85670 30148
14957 3934
54630 64011
22991 134444
124351 116166
31193 31488
56499 27095
114518 132877
1966 27095
37095 29786
78191 115944
23277 8652
27095 46522
103160 21650
112640 27095
110029 39244
101700 101699
7949 43808
97655 27095
36051 38346
118602 80426
5760 43808
158837 154210
48194 48734
71747 27095
19847 48062
13420 27095
134578 43808
36852 29786
44415 29263
99313 112797
100060 118262
151309 126264
46401 45442
144305 119503
84646 119503
43874 134444
114981 113297
101330 143932
29366 53215
119776 58946
149843 162362
153134 72220
47225 40529
25102 85430
81500 107633
149692 119503
123716 123252
103979 99610
53815 74732
40596 44396
156215 126264
167249 168992
103304 127650
83141 119503
98015 47320
30295 53782
130022 126264
39476 39381
54025 135758
79751 42084
34233 34201
54748 49744
52494 29391
44807 33475
73275 113197
115181 114878
22178 31485
137300 104518
95453 126086
91849 38750
37598 42759
135758 51507
153962 32637
155154 98765
101153 40673
112833 81574
143932 134444
117431 162362
129532 123252
113197 113506
53476 118374
46797 31488
104660 107633
89702 119503
123399 126086
103984 120466
132803 86510
100161 119037
116693 123252
40568 44269
53166 26847
23998 107952
130746 49398
514 90475
15383 27095
52954 53565
41983 119037
137395 32351
29225 29263
80392 86510
112944 101151
150395 126615
121778 102920
48693 45777
106521 20589
48191 28720
114983 113297
78759 45540
104417 35100
127254 72008
147494 95696
8105 29575
108615 136023
101320 123252
34425 48720
117271 72008
59156 105951
155387 126086
54996 166734
113947 119037
98765 53071
29391 33475
80784 167249
116258 116027
108248 52628
52364 52367
72008 115617
87449 58946
36779 30201
27414 101151
124990 107266
115986 81574
22166 153461
85424 98993
43672 48191
50578 74732
114984 123720
113506 95691
146601 119503
144593 126086
89234 119503
101573 44159
111954 45375
29864 123252
56444 74732
31846 45777
123720 113297
151628 104660
119347 103985
36052 48191
45991 31488
30201 38750
95695 98304
125456 30649
33475 29391
24589 124990
113297 74895
36932 30443
49396 45777
106114 74984
54316 53166
15456 48687
98304 121778
165909 6483
23079 123252
23832 137625
29261 135759
78514 45264
46402 34140
101319 116693
101151 27414
46106 29367
28503 130746
120468 103985
97898 166734
32932 41646
65081 107633
102160 88521
109901 23832
168467 56773
107266 128456
114121 95691
36604 49744
112442 88521
113505 119037
83237 146911
102778 72008
110849 148704
106715 59156
40673 111568
125522 166734
121876 128456
41223 103692
35295 45302
116031 119037
128954 21230
82061 124990
51507 30436
51560 86510
74984 168467
15612 47942
111568 119037
99610 103692
95236 74732
112538 77836
44175 51507
104410 166734
45264 44415
68142 27095
45442 54630
100894 27095
153461 158404
78147 98994
42624 27004
135535 27095
37434 27004
107633 102920
138687 74732
102920 72008
44171 29263
50545 116850
45984 53166
44594 49398
53872 113385
22626 52628
119037 113385
158628 166734
123252 113385
29017 129185
31488 30435
77836 49073
103985 123252
32386 47853
136706 98299
133319 22459
157843 168467
36763 113385
22085 111075
108331 168467
136794 53760
129469 29225
101783 44649
73787 167249
87789 74732
88521 112442
112467 123724
151779 119503
50282 31753
120064 103985
29257 18031
98819 54630
98994 83141
113752 44396
30014 45540
121962 128456
123486 125199
99106 139308
127041 27095
26849 54748
158144 28663
87420 122393
148518 72008
135461 108365
128456 119503
3021 136082
54630 20257
39150 33159
111925 102920
114518 82498
97603 88521
52633 39148
38750 46624
155683 113197
27095 56499
103160 116042
46272 46955
29560 99610
68986 107633
39334 33154
101700 114878
147922 119503
120127 50965
110567 103985
158837 52954
19847 34426
134578 72008
48354 33475
74732 56444
