560
80976
80746
52206
112365
82012
103559
34962
68108
81775
99253
104282
33112
135306
134790
31012
17653
33235
124642
126987
17945
140598
50185
33971
95658
149611
150770
85755
53736
96125
22441
80647
40988
47339
122440
15117
31969
149758
7813
34233
12668
41832
43798
135475
66150
64333
65911
54200
39501
46627
108671
137029
35145
47121
90693
9489
88494
80647
41559
32836
151398
17877
151725
23608
112051
34230
114871
47832
98477
47831
86237
60847
66920
148374
37360
137133
160365
142550
41287
41557
164953
96309
115673
52211
129531
1762
88852
128659
14693
92732
42683
63058
123069
71206
37050
164614
3900
168763
123453
132925
71996
36981
37598
90693
131053
3640
36779
71217
36833
26347
67020
112774
79950
30599
54998
44477
33973
135704
3921
108647
80976
34850
4855
115091
67251
46955
67372
88267
116816
91648
113149
130651
53206
9183
50137
63053
35169
82005
67374
19348
82003
106187
23792
23017
10677
79397
82011
31998
71993
120751
68108
28672
46941
81246
104281
49270
141007
79397
46164
28671
6199
71994
60589
50248
96455
45160
90695
46960
60366
71997
146021
29975
78599
39215
34710
7660
63294
90430
11650
34147
28673
42181
164803
46813
40764
31503
129734
80646
65104
29627
168429
38456
52211
34202
81245
67069
94573
157088
67251
44287
71208
146543
11392
47691
66922
79393
119488
34201
28674
106454
4343
63080
119523
77634
34741
130590
156621
42181
34239
28202
82007
107005
43686
143297
122595
32135
52518
34674
140258
34461
80646
82003
144827
49870
162225
107417
76652
45334
137613
105285
1495
112815
144834
12496
42128
135746
33553
151916
142091
133970
78008
81914
40808
88495
43434
146202
82008
46623
100583
17347
133752
11654
70383
74883
128519
143483
99253
71995
43198
98994
54077
75760
72009
48939
12037
94205
47220
2765
109607
34450
77465
96696
153741
39754
85925
146513
32371
68434
31106
65454
47487
46622
82004
34718
165708
8863
132529
58536
34739
109536
90696
81612
82393
53870
34065
44611
31973
33396
31697
35409
119269
55805
32097
85362
32399
88495
46962
1552
67025
132946
16648
90696
89993
86280
136928
48363
97603
34707
22851
35958
33475
71215
127127
71217
148518
66920
8244
99106
100115
16149
32620
38924
153231
95695
65747
79393
112529
165451
67020
34483
82011
123457
132012
66894
86103
54741
137816
146542
27919
124072
81695
164613
31288
86105
77835
67254
131213
134468
95950
148403
30860
29238
82448
81775
69121
82004
124661
71496
88494
44332
75359
38558
77836
161329
132924
112699
57252
80776
84586
143258
100409
35419
111441
165609
82006
25164
95816
48929
91849
106131
54533
107633
71216
32834
71157
88521
51068
44281
82465
31695
104338
136759
75790
54078
67374
151519
16313
34120
81246
81245
95813
112582
166132
52215
33677
29384
39752
33474
53270
90695
98558
28421
43794
107662
127921
135678
10297
89958
1423
119875
82010
35405
36644
77878
30249
47968
81666
1305
133077
33541
46288
81247
42470
13939
112442
168776
125143
98305
138358
113130
15667
81250
34120
77077
45190
119748
33237
147346
49025
84807
71994
34692
82009
71993
90330
60847
135670
51851
126645
48736
112443
149055
80548
71997
124738
47221
121778
153998
9541
28166
64332
50512
97111
48200
64103
29742
6342
71995
141709
130223
132549
32596
38009
37111
13429
99311
17809
72871
109847
38919
7551
31357
69485
40458
127015
104511
124990
82005
66150
117191
71206
62584
126455
31318
157469
99163
81695
126863
71208
55313
37855
61281
167214
109332
82723
31319
43537
26471
3845
150186
29391
74763
82008
45497
84122
88850
67025
50639
81914
65472
65899
100948
37541
50111
98021
71207
43295
132159
85957
65454
39320
730
141007 77836
36981 52211
135306 95695
53736 81245
90430 82012
157088 77836
12496 48929
85957 82004
50111 81245
37050 77836
124738 77836
47691 34962
148374 77836
84122 77836
75790 135306
70383 77836
42470 82004
41832 52215
6342 88852
80976 82005
43434 52215
17653 77836
98305 135306
7660 115673
1552 77836
131213 82004
17877 77836
153741 77836
9541 34147
46960 48929
71995 164613
90330 95816
123457 77836
34718 77836
15117 77836
16648 77836
134468 77836
40808 88494
71996 99253
151916 77836
13429 54998
17945 77836
29975 34202
54078 34674
166132 77836
108671 77836
117191 77836
77836 146542
46813 54533
109847 77836
66894 77836
40764 42683
46623 52211
126455 77836
33541 42683
41557 34461
80646 115673
78008 82009
13939 77836
94205 77836
157469 81245
66150 99253
34230 33541
82010 99253
33237 34202
168763 71995
103559 71157
52215 39752
115673 80646
17809 34450
88852 66150
39752 52211
81250 99253
96309 164613
12668 95816
53870 39752
47831 34461
28674 48929
33677 32596
90693 90695
81247 81775
79393 99253
47968 42683
74883 81247
33396 33541
81245 104282
137133 135306
63053 150186
82006 99253
43798 52215
71993 88495
67020 82012
34692 53870
35169 33396
67025 90695
109536 43434
34741 33541
67374 99253
81695 90695
29627 29975
1495 77836
78599 77836
77835 77836
164803 77836
80548 82004
153231 52211
31318 52211
34483 39752
82003 99253
23608 77836
79950 150186
149758 77836
45334 52211
164953 77836
71157 103559
33973 34692
134790 77836
131053 82004
8863 82004
82012 60847
148403 77836
146513 77836
28671 12496
34674 54078
28202 48929
86237 77836
66920 99253
99253 90696
28421 82004
133752 77836
23792 77836
14693 77836
132946 77836
71997 81246
12037 77836
95816 77836
22851 77836
32097 33541
58536 47691
128519 99106
136928 137816
26347 77836
90696 135704
135746 77836
99106 75790
54998 167214
17347 77836
137613 33541
71216 81775
49270 50512
19348 77836
135704 90696
3900 77836
132159 77836
148518 107633
109332 77836
82723 77836
46941 33396
32596 29975
67251 90696
60589 77836
65911 90696
8244 71995
60366 29627
81775 71216
49870 80976
82011 99253
4343 95816
82004 8863
34239 34962
3845 78599
54533 33541
45190 34202
52211 34202
28672 34692
94573 60847
43198 82004
29238 39752
150770 81245
82007 99253
138358 82004
88494 99253
167214 54998
34202 34962
71207 99253
80647 99253
82009 17809
124072 137816
50512 34461
95695 75790
48929 26471
140598 67374
43686 81245
26471 28674
60847 82012
88495 81247
34461 50512
104282 81245
65454 99253
67372 99253
81914 82004
107633 148518
81246 81247
104338 66150
82005 104338
34962 34202
137816 34962
90695 90693
34450 17809
106187 34147
42683 33541
112582 67374
53270 80976
34147 106187
23017 31106
115091 80976
82003 89958
53736 81245
143258 82007
130651 66922
100583 80976
140258 82009
67254 76652
40988 81245
116816 81245
47339 137816
64333 80647
82012 71217
61281 150186
50111 44281
149055 82009
74763 8244
10297 119523
165451 81245
55805 31973
66920 160365
99253 90696
104511 124642
29742 3921
6342 66150
80976 82005
122595 71206
80746 62584
7660 31503
71997 81246
55313 150186
89993 82009
46164 79397
68108 119269
25164 82007
32371 81245
71995 164613
63058 81245
85755 44332
124642 81245
31106 3921
51068 88494
90696 135704
150186 42181
31319 80976
40808 88494
153998 71207
71996 99253
3921 82465
71216 72871
75760 67254
35419 82009
135704 90696
104281 7551
85925 82007
142091 80976
106131 3921
91648 82009
44281 81245
71206 81612
80646 99253
33971 150186
67251 119269
82465 3921
88267 65911
7551 104281
135678 71206
65911 71215
34120 119523
64332 40988
8244 74763
100115 150186
157469 81245
67069 81245
81775 88850
48736 82009
49870 80976
66150 99253
31973 55805
82011 99253
82010 2765
82004 82012
66922 168763
84586 17809
123069 81245
129734 71208
168763 44332
1423 82009
146021 81245
4855 137816
79397 71206
63080 80976
133077 71217
71208 129734
10677 122595
81250 1305
81666 17809
150770 81245
82007 25164
65104 81245
88494 143483
156621 150186
114871 68108
127921 150186
71207 153998
80647 64333
82009 141709
28166 82009
119488 67254
90693 164614
69121 81245
132925 7660
22441 82007
43686 112529
151519 71215
44477 137816
82393 81245
126987 81245
81247 81775
135475 119523
79393 7813
77634 81245
86105 80746
71217 82012
71994 71216
60847 82012
88495 71206
165609 150186
74883 104511
107417 66920
119269 68108
54741 82007
43537 81245
96455 67254
104282 104281
96125 90693
88850 81247
149611 67254
164613 80746
71215 6342
65454 99253
67372 99253
81245 44332
113149 80976
165708 81245
81914 82004
147346 81245
82006 99253
81612 71216
81246 81247
104338 66150
82005 104338
9489 81245
71993 88495
67020 82012
128659 104282
130223 81245
112529 4855
164614 10297
39215 81245
67025 7813
109536 130651
45160 88494
65899 76652
67374 99253
137816 136928
90695 90693
81695 90695
57252 3921
9183 81247
31503 55805
142550 80976
112582 67374
65472 150186
35145 66920
53270 80976
82008 99253
119523 66922
168776 80976
82003 66150
29384 64332
77878 107005
77077 64332
3640 64332
38009 35405
47339 33541
34674 54077
119748 112365
66920 107417
112365 119875
122595 80746
7660 81245
113130 35405
82448 112815
1762 106187
144834 112365
37541 106187
98021 112699
46622 64332
85755 34147
136928 112815
150186 33971
71996 71216
3921 31106
71216 81775
49270 54077
54077 130651
104281 112815
124661 112365
80776 64332
33541 47339
33971 33541
143297 35405
34710 54077
95658 50639
112699 112365
64332 106187
85362 106187
66150 71993
41559 52206
112815 109536
48363 64332
137029 64332
35405 108647
38919 64332
47832 54077
168763 66922
77465 106187
50639 95658
79397 81247
52206 34674
34707 47832
37360 64332
122440 82448
50248 50111
34850 54077
88494 40808
47831 34707
50512 112815
107005 33541
132549 106187
75359 106187
88521 106187
111441 106187
108647 64332
67372 71997
81245 69121
72009 112365
100948 4855
71993 81775
33474 34850
109536 112815
112051 112365
67374 112815
90695 71215
106454 106187
31697 54077
106187 132529
31357 48200
32399 33475
28673 44611
48200 33541
54200 38924
67254 71207
12496 47339
116816 43434
31969 48929
91849 86103
33112 33541
49025 33541
37111 48929
6342 119523
34065 33541
43434 116816
37598 38924
82448 106187
32836 28674
46960 44611
46622 44287
32620 33475
124642 37598
31106 82009
31012 33396
54998 126863
71216 80746
33553 48929
44611 28673
38924 54200
104281 40988
124661 130651
46813 28673
44281 43295
33971 126863
112699 98021
60366 49025
48363 38924
82010 82009
35405 43295
47221 28673
52211 44611
28672 47832
36644 29391
161329 28674
52215 33541
86103 49025
43794 60366
44287 33541
30599 31357
32135 33541
53206 33396
40458 26471
122440 38924
50248 33475
35409 33475
28674 37111
43295 35405
42128 32836
48929 136759
51851 38924
126863 33541
31288 47339
43686 81245
37855 33541
81247 74883
34739 35409
47968 33396
136759 48929
33475 38924
133970 48929
29391 33475
108647 130651
67372 71216
81245 67069
104338 82005
34692 38924
57252 31106
34147 126863
11392 106454
135306 97111
27919 106454
30249 106454
112442 88521
112774 107662
126645 106454
130651 109536
99163 106454
120751 135306
162225 106454
50111 126863
123453 107662
165451 164613
98994 71157
105285 106454
124990 98558
43434 86103
98305 112443
69485 50111
80746 71215
11650 106454
37598 165451
95816 106454
6199 106454
30860 106454
121778 135306
71496 106454
84807 106454
146543 106454
128519 88521
130590 107662
64103 106454
99106 132924
151725 106454
109607 98305
135670 98558
33541 34741
86280 106454
99311 123453
39501 106454
103559 98558
107662 98994
92732 106454
98477 106454
95950 95695
122440 44611
150770 135704
96696 106454
132012 135306
38558 106454
43295 48929
97603 88521
95695 106454
151398 106454
68434 106454
51851 34065
31288 48929
16149 106454
125143 106454
95813 106454
97111 98305
33475 33541
98558 112443
65747 106454
132924 107633
88521 95950
104282 44287
127015 121778
137133 98994
11654 106454
107633 132012
112443 30249
34692 44611
106454 6199
106187 54077
119523 71215
135306 106454
144827 46813
34201 53870
39320 33541
46960 34201
54078 34850
135670 112442
40764 34201
46623 46962
31695 33541
47220 34202
31998 34202
47221 34202
103559 106454
39752 124642
122440 137816
53870 34201
28674 129531
126863 53870
33396 34201
146202 54998
46627 52518
34233 34201
34692 47220
35169 34201
106454 30249
33235 33541
112442 106454
112774 106454
46955 42181
31318 34201
36779 53870
129531 33541
15667 52211
33973 34201
46962 33541
82012 71215
123453 106454
41287 39752
49025 53870
34065 34201
50185 33541
32834 33541
32097 50185
128519 132012
150186 42181
99106 106454
35958 33541
46941 42181
52518 33541
54533 34201
45190 34201
34850 54078
34202 47220
48929 47220
47121 34202
31288 54533
100409 167214
39754 42683
38456 33541
42181 29975
47487 46955
48939 33541
50137 47121
168429 82004
98305 71496
34120 81250
129734 71208
36833 82004
79397 71206
71208 129734
39752 126863
114871 68108
45497 34461
90693 71215
71217 82012
71994 71216
81245 67069
9489 81245
106454 135306
57252 82009
82008 99253
33973 47221
127127 131053
82012 71217
34674 45497
104511 74883
68108 114871
46288 39752
150186 71994
71206 81612
67251 68108
135678 71206
67069 81245
81775 80746
63294 36833
35409 33971
16313 82004
88495 71206
34461 45497
50137 46623
