320
80746
52206
112365
82012
99253
104282
33112
31012
124642
126987
33971
95658
149611
150770
85755
53736
96125
22441
40988
47339
122440
31969
7813
135475
66150
64333
65911
54200
137029
35145
90693
9489
88494
80647
41559
32836
112051
34230
114871
47832
47831
37360
160365
142550
41557
52211
1762
128659
63058
123069
71206
164614
168763
132925
71996
37598
3640
67020
79950
30599
54998
44477
135704
3921
108647
80976
34850
4855
115091
67372
88267
116816
91648
113149
130651
53206
9183
63053
106187
23017
10677
79397
82011
68108
28672
46941
81246
104281
49270
46164
50248
96455
45160
90695
46960
60366
71997
146021
39215
34710
7660
90430
34147
28673
46813
31503
129734
65104
81245
67069
67251
44287
66922
119488
28674
106454
63080
119523
77634
34741
156621
42181
28202
82007
107005
43686
143297
122595
32135
34674
140258
34461
80646
82003
49870
107417
76652
137613
112815
144834
12496
42128
33553
142091
133970
78008
81914
40808
88495
43434
82008
100583
74883
143483
54077
75760
72009
2765
34450
77465
85925
32371
31106
46622
165708
132529
34739
109536
90696
81612
82393
34065
44611
31973
33396
31697
119269
35409
55805
85362
32399
89993
136928
48363
34707
33475
71215
71217
66920
8244
100115
32620
38924
79393
112529
165451
86103
54741
137816
124072
164613
31288
86105
67254
82448
81775
69121
82004
124661
44332
75359
161329
112699
57252
80776
84586
143258
35419
111441
165609
82006
25164
48929
91849
106131
71216
88521
51068
44281
82465
104338
136759
67374
151519
112582
52215
29384
33474
53270
43794
127921
10297
135678
89958
1423
119875
82010
35405
36644
77878
47968
81666
1305
133077
33541
81247
168776
113130
81250
34120
77077
119748
147346
49025
71994
34692
82009
71993
60847
51851
48736
149055
47221
153998
28166
64332
50512
48200
29742
6342
71995
141709
130223
132549
38009
37111
17809
72871
38919
7551
31357
40458
104511
82005
62584
157469
81695
126863
71208
55313
37855
61281
31319
43537
26471
150186
29391
74763
88850
67025
50639
65472
65899
100948
37541
50111
98021
71207
43295
65454
392
90430 82012
46960 48929
41557 34461
78008 82009
82010 82009
17809 34450
47831 34461
28674 48929
79950 150186
136928 137816
137613 34147
49270 50512
46941 33396
82009 17809
50512 34461
48929 26471
34461 50512
137816 136928
34450 17809
106187 34147
34147 106187
23017 31106
115091 80976
82003 89958
53736 81245
143258 82007
130651 66922
100583 80976
140258 82009
67254 76652
40988 81245
116816 81245
47339 137816
64333 80647
82012 71217
61281 150186
50111 44281
149055 82009
74763 8244
10297 119523
165451 81245
55805 31973
66920 160365
99253 90696
104511 124642
29742 3921
6342 66150
80976 82005
122595 71206
80746 62584
7660 31503
71997 81246
55313 150186
89993 82009
46164 79397
68108 119269
25164 82007
32371 81245
71995 164613
63058 81245
85755 44332
124642 81245
31106 3921
51068 88494
90696 135704
150186 42181
31319 80976
40808 88494
153998 71207
71996 99253
3921 82465
71216 72871
75760 67254
35419 82009
135704 90696
104281 7551
85925 82007
142091 80976
106131 3921
91648 82009
44281 81245
71206 81612
80646 99253
33971 150186
67251 119269
82465 3921
88267 65911
7551 104281
135678 71206
65911 71215
34120 119523
64332 40988
8244 74763
100115 150186
157469 81245
67069 81245
81775 88850
48736 82009
49870 80976
66150 99253
31973 55805
82011 99253
82010 2765
82004 82012
66922 168763
84586 17809
123069 81245
129734 71208
168763 44332
1423 82009
146021 81245
4855 137816
79397 71206
63080 80976
133077 71217
71208 129734
10677 122595
81250 1305
81666 17809
150770 81245
82007 25164
65104 81245
88494 143483
156621 150186
114871 68108
127921 150186
71207 153998
80647 64333
82009 141709
124072 137816
28166 82009
119488 67254
90693 164614
69121 81245
132925 7660
22441 82007
43686 112529
151519 71215
44477 137816
82393 81245
126987 81245
81247 81775
135475 119523
79393 7813
77634 81245
86105 80746
71217 82012
71994 71216
60847 82012
88495 71206
165609 150186
74883 104511
107417 66920
119269 68108
54741 82007
43537 81245
96455 67254
104282 104281
96125 90693
88850 81247
149611 67254
164613 80746
71215 6342
65454 99253
67372 99253
81245 44332
113149 80976
165708 81245
81914 82004
147346 81245
63053 150186
82006 99253
81612 71216
81246 81247
104338 66150
82005 104338
9489 81245
71993 88495
67020 82012
128659 104282
130223 81245
112529 4855
164614 10297
39215 81245
67025 7813
109536 130651
45160 88494
65899 76652
67374 99253
90695 90693
81695 90695
57252 3921
9183 81247
31503 55805
142550 80976
112582 67374
65472 150186
35145 66920
53270 80976
82008 99253
119523 66922
168776 80976
82003 66150
29384 64332
77878 107005
77077 64332
3640 64332
38009 35405
47339 33541
34674 54077
119748 112365
66920 107417
112365 119875
122595 80746
7660 81245
113130 35405
82448 112815
1762 106187
144834 112365
37541 106187
98021 112699
46622 64332
85755 34147
136928 112815
150186 33971
71996 71216
3921 31106
71216 81775
49270 54077
54077 130651
104281 112815
124661 112365
80776 64332
33541 47339
33971 33541
143297 35405
34710 54077
95658 50639
112699 112365
64332 106187
85362 106187
66150 71993
41559 52206
112815 109536
48363 64332
137029 64332
35405 108647
38919 64332
47832 54077
168763 66922
77465 106187
50639 95658
79397 81247
52206 34674
34707 47832
37360 64332
122440 82448
50248 50111
34850 54077
88494 40808
47831 34707
50512 112815
107005 33541
132549 106187
75359 106187
88521 106187
111441 106187
108647 64332
67372 71997
81245 69121
72009 112365
100948 4855
71993 81775
33474 34850
109536 112815
112051 112365
67374 112815
90695 71215
106454 106187
31697 54077
106187 132529
31357 48200
32399 33475
28673 44611
48200 33541
54200 38924
67254 71207
12496 47339
116816 43434
31969 48929
91849 86103
28202 48929
33112 33541
49025 33541
37111 48929
6342 119523
34065 33541
43434 116816
37598 38924
82448 106187
32836 28674
46960 44611
46622 44287
32620 33475
124642 37598
31106 82009
31012 33396
54998 126863
137613 33541
71216 80746
33553 48929
44611 28673
38924 54200
104281 40988
124661 130651
46813 28673
44281 43295
33971 126863
112699 98021
60366 49025
34230 33541
48363 38924
35405 43295
47221 28673
52211 44611
28672 47832
36644 29391
161329 28674
52215 33541
86103 49025
43794 60366
44287 33541
30599 31357
32135 33541
53206 33396
40458 26471
122440 38924
50248 33475
35409 33475
28674 37111
43295 35405
42128 32836
48929 136759
51851 38924
126863 33541
31288 47339
43686 81245
37855 33541
81247 74883
34739 35409
47968 33396
136759 48929
26471 28674
33475 38924
33396 33541
133970 48929
29391 33475
108647 130651
67372 71216
81245 67069
104338 82005
34692 38924
34741 33541
57252 31106
34147 126863
130651 109536
12496 48929
50111 126863
165451 164613
43434 86103
80746 71215
37598 165451
33541 34741
122440 44611
150770 135704
43295 48929
51851 34065
31288 48929
33475 33541
104282 44287
34692 44611
106187 54077
119523 71215
122440 137816
82012 71215
28672 34692
43434 52215
57252 82009
104511 74883
35409 33971
74883 81247
109536 43434
