500
80976
80746
52206
112365
82012
103559
34962
68108
81775
99253
104282
33112
135306
31012
33235
124642
126987
140598
50185
33971
149611
95658
150770
85755
53736
96125
22441
80647
40988
47339
122440
31969
7813
34233
135475
43798
66150
64333
65911
54200
39501
46627
137029
35145
47121
90693
9489
88494
80647
41559
32836
151725
151398
112051
34230
114871
47832
98477
47831
60847
66920
37360
137133
160365
142550
41287
41557
96309
115673
52211
129531
1762
128659
88852
92732
42683
63058
123069
71206
164614
168763
123453
132925
71996
37598
36981
90693
131053
3640
36779
71217
36833
67020
112774
79950
30599
54998
44477
33973
135704
3921
108647
80976
34850
4855
115091
67251
46955
67372
88267
116816
91648
113149
130651
53206
9183
50137
35169
63053
82005
67374
82003
106187
23017
10677
79397
82011
31998
71993
120751
68108
28672
46941
81246
104281
49270
79397
46164
28671
6199
71994
50248
96455
45160
90695
46960
60366
71997
146021
29975
39215
34710
7660
63294
90430
11650
34147
28673
42181
46813
40764
31503
129734
80646
65104
29627
168429
38456
52211
81245
34202
67069
94573
67251
44287
71208
146543
11392
47691
66922
79393
119488
34201
28674
106454
63080
119523
77634
34741
130590
156621
42181
34239
28202
82007
107005
43686
143297
122595
32135
52518
34674
140258
80646
34461
82003
144827
49870
162225
107417
76652
45334
137613
105285
112815
144834
12496
42128
33553
142091
133970
78008
81914
40808
88495
43434
146202
82008
46623
100583
11654
74883
143483
128519
71995
99253
43198
98994
54077
75760
72009
48939
47220
2765
109607
34450
77465
96696
39754
85925
32371
68434
31106
65454
47487
46622
82004
165708
8863
132529
58536
34739
109536
90696
81612
82393
53870
34065
44611
31973
33396
31697
119269
35409
55805
32097
85362
32399
88495
46962
67025
89993
90696
86280
136928
48363
97603
34707
35958
33475
71215
127127
71217
148518
66920
8244
99106
100115
16149
32620
38924
153231
95695
65747
79393
112529
165451
67020
34483
82011
132012
86103
54741
137816
27919
124072
81695
164613
31288
86105
67254
131213
95950
30860
82448
29238
81775
69121
82004
124661
71496
88494
44332
75359
38558
161329
132924
57252
112699
80776
84586
143258
100409
35419
111441
165609
82006
25164
95816
48929
91849
106131
54533
107633
71216
32834
71157
88521
51068
44281
82465
31695
104338
136759
54078
67374
151519
16313
34120
81246
95813
81245
112582
52215
33677
39752
29384
33474
53270
90695
98558
28421
43794
107662
127921
10297
135678
89958
1423
119875
82010
35405
36644
77878
30249
47968
81666
1305
133077
33541
46288
81247
42470
112442
168776
125143
98305
138358
113130
15667
81250
34120
77077
45190
119748
33237
147346
49025
84807
71994
34692
82009
71993
60847
135670
51851
126645
48736
112443
149055
80548
71997
47221
121778
153998
9541
28166
64332
50512
97111
48200
64103
29742
6342
71995
141709
130223
132549
32596
38009
37111
13429
99311
17809
72871
38919
7551
31357
69485
40458
127015
104511
124990
82005
66150
71206
62584
31318
157469
99163
81695
126863
71208
55313
37855
61281
167214
31319
43537
26471
150186
29391
74763
82008
45497
88850
67025
50639
81914
65472
65899
100948
37541
50111
98021
71207
43295
65454
39320
85957
696
80976 112582
40808 88494
41557 34674
52215 39752
17809 34450
81247 81775
47968 35169
71993 81775
67020 67374
67025 90695
80548 82004
71157 103559
8863 82004
28671 34239
34674 54078
66920 81246
28421 82004
71997 81246
32097 34692
54998 53870
46941 33396
67251 90695
81775 81246
49870 80976
82004 8863
150770 135704
88494 40808
48929 47968
140598 67374
81246 81247
90695 90693
34450 17809
112582 67374
53270 80976
23017 31106
115091 80976
82003 89958
53736 81245
143258 82007
79950 150186
130651 66922
90430 82012
100583 80976
140258 82009
67254 76652
40988 81245
116816 81245
47339 137816
64333 80647
82012 71217
61281 150186
50111 44281
149055 82009
74763 8244
10297 119523
165451 81245
55805 31973
66920 160365
99253 90696
104511 124642
29742 3921
6342 66150
80976 82005
122595 71206
80746 62584
7660 31503
71997 81246
55313 150186
89993 82009
46164 79397
68108 119269
25164 82007
32371 81245
71995 164613
63058 81245
85755 44332
124642 81245
31106 3921
136928 137816
51068 88494
90696 135704
150186 42181
31319 80976
40808 88494
153998 71207
71996 99253
3921 82465
71216 72871
75760 67254
35419 82009
135704 90696
104281 7551
85925 82007
142091 80976
106131 3921
91648 82009
44281 81245
71206 81612
80646 99253
33971 150186
67251 119269
78008 82009
82465 3921
88267 65911
7551 104281
135678 71206
65911 71215
34120 119523
64332 40988
8244 74763
100115 150186
157469 81245
67069 81245
81775 88850
48736 82009
49870 80976
66150 99253
31973 55805
82011 99253
82010 2765
82004 82012
66922 168763
84586 17809
123069 81245
129734 71208
168763 44332
1423 82009
146021 81245
4855 137816
79397 71206
63080 80976
133077 71217
71208 129734
10677 122595
81250 1305
81666 17809
150770 81245
82007 25164
65104 81245
88494 143483
156621 150186
114871 68108
127921 150186
71207 153998
80647 64333
82009 141709
124072 137816
28166 82009
119488 67254
90693 164614
69121 81245
132925 7660
22441 82007
43686 112529
151519 71215
44477 137816
82393 81245
126987 81245
81247 81775
135475 119523
79393 7813
77634 81245
86105 80746
71217 82012
71994 71216
60847 82012
88495 71206
165609 150186
74883 104511
107417 66920
119269 68108
54741 82007
43537 81245
96455 67254
104282 104281
96125 90693
88850 81247
149611 67254
164613 80746
71215 6342
65454 99253
67372 99253
81245 44332
113149 80976
165708 81245
81914 82004
147346 81245
63053 150186
82006 99253
81612 71216
81246 81247
104338 66150
82005 104338
9489 81245
71993 88495
67020 82012
128659 104282
130223 81245
112529 4855
164614 10297
39215 81245
67025 7813
109536 130651
45160 88494
65899 76652
67374 99253
137816 136928
90695 90693
81695 90695
57252 3921
9183 81247
31503 55805
142550 80976
112582 67374
65472 150186
35145 66920
53270 80976
82008 99253
119523 66922
168776 80976
82003 66150
29384 64332
77878 107005
77077 64332
3640 64332
38009 35405
47339 33541
34674 54077
119748 112365
66920 107417
112365 119875
122595 80746
7660 81245
113130 35405
82448 112815
1762 106187
144834 112365
37541 106187
98021 112699
46622 64332
85755 34147
136928 112815
150186 33971
71996 71216
3921 31106
71216 81775
49270 54077
54077 130651
104281 112815
124661 112365
80776 64332
33541 47339
41557 34461
33971 33541
143297 35405
34710 54077
95658 50639
112699 112365
64332 106187
85362 106187
66150 71993
41559 52206
112815 109536
48363 64332
137029 64332
35405 108647
38919 64332
47832 54077
168763 66922
77465 106187
50639 95658
79397 81247
52206 34674
34707 47832
37360 64332
122440 82448
50248 50111
34850 54077
88494 40808
47831 34707
50512 112815
107005 33541
132549 106187
75359 106187
34461 50512
88521 106187
111441 106187
108647 64332
67372 71997
81245 69121
72009 112365
100948 4855
71993 81775
33474 34850
109536 112815
112051 112365
67374 112815
90695 71215
106454 106187
31697 54077
106187 132529
34147 106187
31357 48200
32399 33475
28673 44611
48200 33541
54200 38924
67254 71207
12496 47339
116816 43434
31969 48929
91849 86103
28202 48929
33112 33541
49025 33541
37111 48929
6342 119523
34065 33541
43434 116816
37598 38924
82448 106187
32836 28674
46960 44611
46622 44287
32620 33475
124642 37598
31106 82009
31012 33396
54998 126863
137613 33541
71216 80746
33553 48929
44611 28673
38924 54200
104281 40988
124661 130651
46813 28673
44281 43295
33971 126863
112699 98021
60366 49025
34230 33541
48363 38924
82010 82009
35405 43295
47221 28673
52211 44611
28672 47832
36644 29391
161329 28674
52215 33541
86103 49025
43794 60366
44287 33541
30599 31357
32135 33541
53206 33396
40458 26471
122440 38924
50248 33475
35409 33475
47831 34461
28674 37111
43295 35405
50512 34461
42128 32836
48929 136759
51851 38924
126863 33541
31288 47339
43686 81245
37855 33541
81247 74883
34739 35409
47968 33396
136759 48929
26471 28674
33475 38924
33396 33541
133970 48929
29391 33475
108647 130651
67372 71216
81245 67069
104338 82005
34692 38924
34741 33541
57252 31106
34147 126863
11392 106454
135306 97111
27919 106454
30249 106454
112442 88521
112774 107662
126645 106454
130651 109536
99163 106454
12496 48929
120751 135306
162225 106454
50111 126863
123453 107662
165451 164613
98994 71157
105285 106454
124990 98558
43434 86103
98305 112443
69485 50111
80746 71215
11650 106454
37598 165451
95816 106454
6199 106454
30860 106454
121778 135306
71496 106454
84807 106454
146543 106454
128519 88521
130590 107662
64103 106454
99106 132924
151725 106454
109607 98305
135670 98558
33541 34741
148518 107633
86280 106454
99311 123453
39501 106454
103559 98558
107662 98994
92732 106454
98477 106454
95950 95695
122440 44611
96696 106454
132012 135306
28674 48929
38558 106454
43295 48929
97603 88521
95695 106454
151398 106454
68434 106454
51851 34065
31288 48929
16149 106454
125143 106454
95813 106454
97111 98305
33475 33541
98558 112443
65747 106454
132924 107633
88521 95950
104282 44287
127015 121778
137133 98994
11654 106454
107633 132012
112443 30249
34692 44611
106454 6199
106187 54077
119523 71215
36981 52211
135306 106454
144827 46813
34201 53870
39320 33541
47691 34962
46960 34201
13429 54998
29975 34202
54078 34850
135670 112442
46813 54533
40764 34201
46623 46962
33541 42683
31695 33541
47220 34202
31998 34202
33237 34202
47221 34202
103559 106454
39752 124642
122440 137816
53870 34201
28674 129531
33677 32596
126863 53870
47968 42683
33396 34201
146202 54998
137133 135306
43798 52215
46627 52518
34233 34201
34692 47220
35169 34201
106454 30249
33235 33541
29627 29975
112442 106454
112774 106454
153231 52211
46955 42181
31318 34201
34483 39752
36779 53870
129531 33541
45334 52211
15667 52211
33973 34201
46962 33541
82012 71215
28671 12496
123453 106454
41287 39752
49025 53870
34065 34201
50185 33541
32834 33541
32097 50185
58536 47691
128519 132012
150186 42181
99106 106454
54998 167214
49270 50512
35958 33541
46941 42181
32596 29975
52518 33541
34239 34962
54533 34201
45190 34201
52211 34202
28672 34692
29238 39752
34850 54078
167214 54998
34202 47220
82009 17809
48929 47220
47121 34202
31288 54533
100409 167214
39754 42683
38456 33541
42181 29975
34962 34202
47487 46955
48939 33541
137816 34962
50137 47121
106187 34147
42683 33541
53736 81245
85957 82004
168429 82004
42470 82004
6342 88852
80976 82005
43434 52215
98305 71496
7660 115673
131213 82004
9541 34147
46960 48929
71995 164613
71996 99253
54078 34674
40764 42683
80646 115673
34120 81250
157469 81245
66150 99253
82010 99253
129734 71208
168763 71995
115673 80646
36833 82004
79397 71206
88852 66150
71208 129734
39752 126863
96309 164613
53870 39752
114871 68108
45497 34461
90693 71215
79393 99253
71217 82012
71994 71216
81245 67069
82006 99253
9489 81245
71993 88495
67020 82012
34692 53870
35169 33396
67374 99253
106454 135306
81695 90695
57252 82009
82008 99253
31318 52211
82003 99253
33973 47221
127127 131053
131053 82004
82012 71217
34674 45497
66920 99253
99253 90696
104511 74883
68108 114871
46288 39752
90696 135704
150186 71994
71216 81775
135704 90696
71206 81612
67251 68108
135678 71206
8244 71995
67069 81245
81775 80746
82011 99253
54533 33541
45190 34202
94573 60847
43198 82004
63294 36833
150770 81245
35409 33971
82007 99253
16313 82004
138358 82004
88494 99253
34202 34962
80647 99253
48929 26471
43686 81245
60847 82012
88495 71206
34461 45497
104282 81245
65454 99253
67372 99253
81914 82004
104338 66150
82005 104338
50137 46623
135306 95695
50111 81245
98305 135306
46623 52211
103559 71157
39752 52211
81250 99253
90693 90695
74883 81247
81245 104282
109536 43434
33973 34692
82012 60847
32097 33541
128519 99106
67251 90696
65911 90696
60366 29627
81775 71216
71207 99253
88495 81247
107633 148518
47691 53870
79393 67372
33396 53870
29627 35169
28671 29627
137613 34147
32596 34202
34239 39752
34202 53870
67372 71997
42683 53870
47831 41557
71993 88852
52211 39752
104338 88852
